49136
32768
55752
54800
1216672
677336
6481344
4342200
2198448
8791248
20746424
4226640
47952
33960
34320
37760
8123704
16259712
105128
114280
95984
7913376
7759176
22928
2795776
26584
116104
38120
29072
645440
3014416
24704
44400
66960
41144
11768584
8054776
86312
36008
33848
23456
79760
26592
40464
37872
16160
2719008
17936
44296
40560
45712
34656
63704
19816
36432
71512
19483240
45944
47968
46384
39536
25896
32872
90416
34912
87592
2766664
58264
76888
30576
26528
33120
6704
