0
2
29656
4819
52197
37835
12449
47501
15621
1395
45214
15914
23672
592
45572
329
62506
5288
63881
67635
1608
28339
42743
23495
150
47712
30919
33974
1
199
123
240
1
1
248
1
1
0
1
0
283
1
258
132
107
245
178
44948
119114
32549
14839
59635
134918
2
329
194
1
741
6647
48668
257836
45151
501
151467
43904
7393
5245
1480
6487
49943
12828
45001
546
31641
1
20993
22165
52937
73096
61241
88909
161055
634
78707
3440
26232
8985
8007
725
11674
121
94374
27
9394
114
41446
49304
28446
29319
215
5015
1
211
120
163
1
256
0
0
1
0
0
197
0
583
188
126
142
37406
878
1431
22755
40648
52054
61998
27134
1
2173
2
0
1
114427
453
4878
177
285
628
115
264
1
37175
52
304
4293
192
12219
1
122
23458
20136
1
1254
49574
6997
75953
16705
139
4007
31206
15997
24003
2
1997
2
0
0
26826
21287
317
0
93
53
59726
49816
89935
1
1154
88753
164556
21505
102095
298
1
5918
15803
74010
24937
50036
75365
133029
1887
458
2251
1208
61
2132
163
66
1561
1008
934
2303
5758
25365
2993
1866
148
364
2367
2037
400
1
69
8685
644
114
1849
1
1
0
296
69
1505
54809
25662
19959
406
1
191
31947
1638
14095
3318
472
716
1198
1223
1003
492
183
216
380
201
181
1492
91
0
1
0
387
84
135
0
115
19
87
52
577
81
11
0
106
33
1
1
0
1
197
25
1
16
982
185
2001
1
1
1
1
1
0
1
1
0
69
1925
1
1
0
1
1
1
0
1
1
75
1920
1
1
0
1
1
1
0
1
1
68
81
1842
1
1
1
0
1
1
0
1
1
334
1657
1
1
167
439
282
1109
15
869
539
234
424
2017
1
300
1865
63
1570
700
110
596
157
1081
380
2
67
240
2
114
24
70
59
258
1
108
26
1
21
145
71
15
106
127
18
95
123
19
100
175
19
50
1006
1
2
1
1
1
58
6954
2656
1345
2000
0
1
1
232
8744
238
1351
239
648
807
1258
77
3949
1898
222
1
107
3613
277
142
1464
1651
3
0
0
208
40
1
0
119
4868
385
245
1464
152
250
721
74
1
82
2471
1999
0
31
2
443
184
12580
13880
4319
4502
2196
94
0
100
131
11092
1843
18101
750
32797
8731
42328
1937
50003
39395
60664
1554
8529
8930
573
93273
1
11347
23
122697
2
80386
11403
63073
1330
8127
36796
48218
351
71173
644
32284
161
12761
2940
84436
2
2609
21541
82045
2
1
2
1
1
704
354
2
1
1
2
1
1
1
631
93
2
1
1
1
1
1
1
2
205
169
62
1
35
217
645
601
1
1
1
233
335
1429
2
1
1
1
1
1
2
1
1
224
132
343
107
1181
2
1
1
1
1
208
130
42
14615
1
1
3
1
500
1495
2
1
1
1
1
0
427
308
7257
17672
17270
2111
1886
2059
22005
9998
9000
9106
11344
10582
8970
9693
10308
10003
11001
1997
4116
2884
2001
0
26726
3275
18663
1990
351
2209
497
1066
445
528
41
0
0
196
303
570
27
54
2063
1999
701
711
1950
545
1087
2
1
142
10621
2006
152
83
62
129
136
125
132
140
87
1
0
48
128
26
99
246
175
2045
1
79
606
670
1
1
135
32
0
106
634
644
0
1
1
395
57
1
1
1
1
1
40
32
346
26
953
37
2
1
1
1
53
42
1
1
1
36
27
232
1
0
0
26
72
16
98
96
19
63
123
19
100
122
17
102
144
19
78
122
18
102
122
18
101
75
17
288
695
1268
981
0
90
23
25
153
22
416
1
1
1
1
44
89
576
1
2
1
1
1
56
40
2
31
13917
3808
1806
3232
12718
7423
820
1058
1473
11275
20406
2793
1
3177
337
312
303
625
626
110
21
82
123
19
56
120
173
22
32
58
18
101
123
16
102
122
18
107
117
16
102
65
57
122
17
103
124
19
99
71
54
117
24
97
27
12
102
73
52
118
16
10
94
121
17
103
121
17
105
120
17
73
32
119
17
102
124
20
99
28
93
121
19
100
121
120
18
62
46
116
1
118
47
79
1
32
97
19
101
124
0
120
19
99
122
17
103
121
12
108
17
103
122
21
98
122
16
103
123
18
90
14
118
18
103
121
18
103
120
17
45
58
122
18
100
125
21
97
122
19
100
124
32
86
131
21
90
710
609
1
83
680
594
178
168
165
133
2
1
2
1
1
0
1
0
0
127
87
34
235
175
188
1145
1
2001
0
2
1
2
1
2
1
1
2
33
23
11
11
12
13
11
10
11
16
367
1
1
1
1
1
1
1
1
1
16
14
11
10
9
11
10
10
10
10
73
1
1
2
1
1
1
2
13
12
9
10
10
10
10
9
46
1
0
1
12
12
10
11
41
11
298
469
1
1
1
1
1
18
13
10
10
10
12
34
12
424
726
36
775
1
1
2
1
0
1
1
1
1
24
16
12
10
11
11
11
11
13
12
117
1
1
1
1
1
0
1
1
15
11
9
8
9
8
9
9
9
44
1
0
8
10
8
20
9
349
1
1
14
12
8
65
12
554
2
0
26
19
11
39
2
1
13
14
10
27
11
79
13
260
1
2
0
14
13
10
9
154
14
47
15
144
13
37
14
108
12
107
10
114
12
24
10
101
43
77
298
78
1
1
1
24
16
131
33
1
121
54
2
0
163
5822
2862
34
340
9
120
11
102
13
109
10
108
7
113
9
113
10
110
7
113
9
113
9
18
6
11
5
332
33
88
25
96
7
72
164
2897
463
128
1468
377
24
94
123
21
97
123
20
76
36
0
1
157
164
71
53
2
113
21731
200
491
393
949
107
793
761
105
602
513
307
172
600
357
199
729
152
332
88
394
263
272
65
79
138
144
124
271
3
80
699
678
215
378
70
52
118
65
56
120
23
99
74
57
65
90
34
1
23
30
0
96
63
80
13
96
61
23
0
1
112
21
13
90
124
16
103
120
11
109
124
17
100
122
16
104
121
11
108
125
16
100
122
15
107
119
11
109
47
16
14
107
10
113
119
15
109
118
12
108
395
1
1
100
24
14
40
25
11
16
0
583
229
515
2875
508
1800
5094
1286
672
563
317
127
1416
66
1506
366
63
60
75
2
143
3948
20
316
23
1021
491
1574
539
84
0
108
1242
3477
379
3
119
21260
233
320
2850
1999
2001
1
1
288
12138
549
131
2895
2
0
0
321
18678
1997
3313
1448
10283
1958
5056
2
3
1
0
520
56
344
42022
48951
1862
144
9260
2852
302
1273
551
119
1222
0
216
89
22503
2
0
403
1360
250
1481
167
49
1793
33
247
23
1872
49
1408
468
4
390
312
488
378
218
123
79
115
404
49
294
130
43
1094
42
1026
1620
413
72
52
117
59
61
121
63
60
118
65
57
119
21
30
24
13
88
125
19
41
9669
207
560
5690
2606
1
263
39
1479
2383
2398
139
304
1
74
1327
382
291
1605
5873
1002
116
17
317
2765
1
0
0
2
316
264
12418
5852
2012
817
2218
1
1
193
13783
1822
1302
2001
14424
6577
4001
606
1
4559
2391
4314
28664
1150
5451
28187
17539
65229
45234
5731
1953
28809
3191
6002
254
311
71
43
220
2
109
27
17
338
1
0
121
24
374
1
1
29
24
429
2
0
29
25
664
1
0
1
39
28
1
19
20
1776
1
1
1
0
1
89
1907
1
0
1
1
0
1
1
1
0
75
1916
2
0
1
1
0
1
1
1
0
60
1935
1
1
1
0
1
58
15
290
404
219
1008
1
1
0
1
1
1
0
1
1
14
10
7
7
8
7
7
7
7
8
1911
1
1
0
1
0
1
1
1
1
13
10
7
6
6
7
6
6
6
6
363
1560
1
1
0
1
1
0
1
1
1
29
15
7
6
7
7
7
6
7
7
1544
350
1
0
3
0
1
1
0
1
1
23
12
7
6
6
7
6
6
7
7
1905
1
1
1
0
1
1
1
1
1
25
13
7
6
6
6
7
6
6
7
1901
1
0
1
1
1
1
0
1
1
17
11
7
6
5
7
6
6
6
7
1918
0
1
1
1
0
1
1
1
1
29
328
17
231
14
6
7
7
6
7
252
1087
1
1
0
1
1
0
1
1
1
19
11
6
6
6
6
6
6
6
6
1916
1
1
1
1
0
1
1
0
1
24
14
7
8
6
7
6
14
6
7
1608
1
1
1
0
1
1
0
0
1
19
11
6
6
6
7
6
51
8
1159
1
1
1
0
1
0
1
1
1
17
11
6
14
7
6
6
6
6
7
1905
1
1
0
1
1
1
0
1
1
11
9
6
7
5
6
6
6
6
6
1926
1
1
1
0
1
1
1
1
1
14
10
7
9
7
5
297
16
60
16
1552
1
1
0
1
1
1
0
1
1
70
17
188
81
1639
1
0
1
1
1
0
1
0
1
60
500
1434
1
1
0
1
0
1
1
0
1
64
523
345
1062
1
1
1
0
1
1
1
1
0
161
1296
204
331
1
0
1
1
1
1
0
1
1
100
237
200
1481
12
1
1
1
0
1
1
0
1
1
149
63
63
62
567
1
1
0
1
1
0
1
1
0
126
61
62
37
0
1
1
1
0
1
1
1
0
44
32
4
1
1
0
1
1
0
1
1
1
43
38
1
1
0
1
1
1
1
0
1
39
34
1
1
0
1
1
1
0
1
1
41
69
1
1
1
0
1
1
1
1
0
1
42
28
418
18
16
241
1616
1
0
1
1
66
543
910
479
0
1
1
1
0
1
1
0
1
101
80
167
176
1473
1
1
1
0
1
1
0
1
1
173
70
63
61
574
1
1
0
1
1
1
1
1
0
113
78
43
1
1
1
1
1
0
1
1
1
40
39
1
1
0
1
1
1
0
1
1
41
28
1646
2
0
1
1
51
339
563
164
327
553
0
1
1
1
1
1
0
1
1
123
510
1
0
1
1
0
1
1
1
1
45
45
1
1
1
0
1
1
0
1
1
39
28
17
10
396
270
492
1387
615
1
1
1
1
1
0
1
1
1
137
65
67
141
1584
1
1
0
1
1
1
1
1
0
205
69
62
20
1647
2
1
1
1
1
1
1
1
1
363
92
87
78
461
903
1
1
1
2
0
1
1
1
1
177
35
139
86
30
708
815
2
1
1
1
0
1
2
1
1
185
122
1680
1
1999
2001
1
1
399
4601
2
0
83
17629
376
946
277
876
1806
2001
14000
1828
4174
1
0
190
39
2769
7047
2954
33460
17843
2920
1
1
1
1
455
839
7482
1997
6078
1
3
1
5
311
1246
1668
22432
63169
22203
2890
2001
1
0
2
1
1
1
0
1
1
351
77
75
21
1469
1
1
1
1
2
209
72
743
42971
2997
78
68
38910
21331
57622
5997
2004
11779
468
27618
140144
12998
72833
1504
125
5415
3127
1
985
1
2
1
1
1
2
0
3
1
172
84
100
648
1
1
2
1
1
1
1
60
1933
1
0
1
1
1
1
1
1
1
92
1899
1
1
2
1
2
1
1
1
1
90
1902
1
1
2
1
1
1
1
90
2096
3804
0
1
1
84
1914
1
1
2
1
1
0
1
1
366
12
137
250
2229
1
0
107
44
1
0
1
25
148
476
364
268
2562
1
2937
209
851
1702
182
117
1
0
0
125
200
1677
1
0
2
385
574
1037
1
0
1
1
0
1
394
196
1406
2
1
1
0
0
1
1
1
1
441
399
365
786
1999
3813
137
142
2908
2001
0
1
1
2
401
273
22839
18642
26516
15782
324
44
237
41070
8683
45778
9706
527
3
1
1
1
1
88
86
73
799
1
223
2798
1
197
131
1725
19580
167
562
1359
1
413
70
109
2
373
1444
47
852
0
55
206
1719
220
23217
853
184
10
1176
0
184
93
985
3054
188
23942
1
530
16462
5437
8467
95
1
184
416
166
697
856
355
89
41
3
72
211
1471
14378
18918
2115
444
3655
1930
1842
187
392
2578
0
1967
1
25
2
2
1
1
1
1
0
210
87
74
72
84
412
4851
3200
2013
1
1
385
11427
28
355
175
709
218
14031
670
2770
229
1
0
233
227
1572
1965
1
150
16
1412
4424
1
422
153
1422
1700
299
2003
0
2
29
5
1
2
422
878
32
2
6
3
2
2
3
9
1
201
68
1
3180
1152
20111
259
10509
1240
342
71
112
19
93
193
72
1919
1
188
751
1857
531
1861
1142
1708
449
1869
7631
214
200
959
3340
2421
1
260
3
131
39
1
149
812
484
329
403
329
820
1179
2001
0
1
2003
1
2
1
469
30
13494
538
11490
793
2922
11
1250
389
71
54
115
65
55
121
63
61
119
64
57
120
20
98
119
13
36
124
17
101
130
17
98
121
18
102
122
18
101
122
18
101
120
16
72
125
17
100
122
16
108
121
18
102
121
19
101
121
19
100
122
16
90
2
7076
243
2371
3273
0
105
9693
591
1730
151
67
40
1
0
160
28
81
21
44
26
102
1
136
24
74
18
98
122
19
100
92
20
787
3204
2565
1436
3
1
231
1766
1
1
1
1
1
1
1
0
1
69
1920
1
25
28980
3
1
1
1
1
105
1887
1
1
2
1
1
61
3930
1
1
1
1
63
16046
40
22850
17001
203
16667
141
485
327
663
1408
143
28
1800
1
4725
248
3123
1658
102
23
13537
180
871
404
338
2
82
41
18
30
91
14
103
122
64
56
121
68
53
63
16
20
109
58
60
117
68
12428
193
58
174
191
55
156
203
440
217
144
207
224
193
1634
50262
174
71
10
150
0
6142
492
3595
118
23
62
172
18
64
160
16
67
139
60
31
21
96
122
17
58
1
62
21
766
58
34
154
57
30
153
57
31
151
27
68
114
16
142
126
1
21
6579
1
26
16534
47
219
24
236
22
240
32
254
21
250
22
206
42
24
61
16
165
1
25
39
443
147
1
0
0
1
20
20
192
86
17
17
147
22
824
28787
1
13416
346
102
1
1330
24555
866
35
3401
2599
30319
9750
783
13581
18631
25288
47666
3338
666
2282
3330
1672
473
624
399
23
266
256
116
63
22
153
925
1
68
400
1116
1152
1772
231
1
74
16566
1
0
180
3326
368
118
1045
122
785
0
0
136
876
27905
11083
30185
32690
556
1890
1033
202
224
256
1060
97
1272
375
1254
74
1994
53
7423
589
319
1590
83
909
357
12570
2
331
753
3288
776
966
522
286
522
1159
9
579
1645
49
0
393
163
3
1
1
118
19
52
1
25
189
1
83
24
45
75
19
42
63
60
19
100
58
63
121
19
61
44
124
0
65
412
64
579
99
51
5
645
1563
0
1
265
33
272
403
61
1
1
2
0
1
1
1
0
1
168
108
42
28
59
4
653
259
57
2578
1
0
2000
1
170
1832
3
1
1
320
17174
2
0
1
0
726
35
21738
2178
196
2624
3534
247
1658
190
206
0
133
6722
4312
1
1
201
5698
2611
1
238
35
2087
0
201
39
19965
372
81
43
119
71
38
0
69
9001
419
190
258
2159
104
1977
21
1
2
1
1
2
1
321
5677
2
1865
126
1
2004
1
0
0
1
1
2121
1
0
1
3
1
383
60
10808
1617
1
450
1561
3
6
1
0
609
5074
562
352
2381
2001
0
1
1
1
1
0
1
1
0
306
115
1571
1365
4226
1411
1
1
1
1
344
380
1272
0
58
1943
1
0
2
1
82
3645
250
279
116
227
358
35
258
300
301
124
149
42
83
401
342
921
278
246
557
0
0
2000
2
0
1
0
1
0
1
1
0
135
132
71
1656
1
0
1
1
1
0
0
1
114
1880
0
1
2
187
7809
1266
2797
1
222
7
12
97
122
13
38
16
9
3133
1076
395
23
92
50
17
20
3522
106
213
132
57
62
119
53
65
81
54
16
138
11980
6999
2000
1
0
1
0
0
840
1159
0
1
48
9245
300
374
280
334
268
244
436
564
348
557
1999
0
1
2001
1
80
4343
245
3330
1
0
130
1869
10000
795
4205
12001
1999
9001
18755
298
3953
2998
2
1
1
486
19864
2704
1421
346
261
327
703
170
677
1138
2822
272
3
89
80
29
20
219
4
32
28
207
18
108
47
197
18
109
111
17
50
183
17
32
211
63
21
106
17
1083
21
99
41
15
137
1
471
18
30
210
16
104
43
16
186
115
18
35
207
18
92
45
16
151
81
19
103
290
122
18
265
21
100
124
18
101
545
122
18
103
20
101
123
17
107
123
16
106
126
19
103
124
19
100
764
1
2
1
109
33
2
23
485
54
14
1024
99
15
796
64
15
869
43
16
787
109
18
665
116
16
510
84
17
418
212
20
455
116
14
295
77
15
465
113
18
33
30
1
0
334
105
25
17
90
12
500
116
17
29
205
17
174
24
15
80
214
21
194
121
19
13526
113
305
1418
1254
287
248
23
29
81
17
117
1653
1
2
1
1
237
684
1
1
1
1
1
1
1
1
1
65
60
1
1
1
1
1
0
55
36
122
17
105
124
18
101
126
20
101
123
18
106
129
21
99
125
26
94
125
21
98
347
1
0
22
180
0
1
15
110
3
0
1
25
175
41
23
97
206
24
20
110
26
96
596
32
1971
3
1
1
2
2
1
2
1
1
120
1867
1
1
2
1
1
1
1
67
9923
2077
4
314
4857
7491
4262
8005
4991
1514
90
3411
1
141
533
612
3701
2
1965
6893
1416
1252
693
392
82
1131
134
65
24
69
201
464
139
90
241
128
63
32
1239
1
1
2
226
95
85
1
1
1
2
1
1
1
0
64
38
82
19
120
214
1
25
70
123
19
98
120
28
98
51
21
103
121
23
110
108
24
95
125
25
92
121
21
239
2
36
64
124
26
90
137
24
108
94
22
97
126
26
89
123
22
106
114
22
98
124
25
92
72
22
9627
25129
287
227
3317
2
1
1
2
2
0
161
96
30
30
232
76
51
1
99
59
713
237
71
530
374
68
53
123
81
37
120
63
58
122
66
54
120
20
100
121
21
100
124
3
18
102
121
19
101
122
21
98
121
20
99
244
1
26
91
125
23
99
2
122
19
95
121
12
108
126
18
1702
2
1
1
0
1
59
1937
1
1
3
1
1
1
1
0
1
59
1929
1
1
1
1
0
1
1
1
0
376
13
31
1574
1
1
31
2
1
2
1
2
2
248
1708
1
1
30
2
2
2
1
2
1
83
16
1866
2
1
3
1
3
1
2
2
1
59
25
11
10
19
10
9
10
8
7
240
1
1
1
1
2
2
1
1
1
17
14
11
12
14
15
15
13
15
11
65
2
1
2
1
2
1
1
1
3
12
13
11
10
11
15
11
15
12
74
1
2
1
2
2
1
1
1
1
14
12
10
10
12
15
10
12
11
12
51
12
21
11
1935
2
1
1
0
1
1
1
28
20
51
25
19
18
18
18
1603
3
2
3
2
3
2
3
2
79
36
20
17
17
17
17
34
17
82
1
2
1
1
0
2
1
1
24
17
17
17
19
18
18
17
19
246
1
2
1
29
23
22
20
31
22
55
20
105
20
100
19
106
23
99
19
103
17
110
22
99
20
101
18
105
20
59
50
20
99
25
84
11
92
31
38
92
74
1405
1
1
1
25
20
15
14
1936
12
1
1
1
1
1
0
1
1
0
30
20
16
21
14
16
15
15
12
18
385
73
2
1
1
1
1
1
2
1
1
28
19
22
18
19
21
18
233
126
1
1
2
1
0
1
25
70
127
42
317
254
166
5231
1208
5181
2396
1
1
176
1965
2595
151
0
101
7138
276
67
73
48
428
3826
1
407
39
3871
222
383
1071
2275
220
1301
450
87
1580
739
70
343
2
0
163
250
121
20
100
126
21
248
1
83
26
113
66
58
122
22
97
123
13
115
187
18
41
123
21
100
125
19
100
122
13
112
122
15
110
126
19
102
125
20
98
125
15
108
122
16
107
127
20
101
124
19
101
122
14
118
117
16
104
174
21
85
93
20
102
155
29
59
49
12
3643
640
224
4843
372
65
34
17224
2773
371
63
58
119
57
59
122
64
55
123
54
66
122
15
102
121
14
30
113
11
108
121
14
108
120
10
110
123
16
102
121
13
112
119
14
78
124
14
104
121
15
106
121
9
110
125
13
104
121
14
107
120
10
86
14735
1671
58
63
116
16
106
119
11
109
125
14
102
122
14
107
120
10
76
962
1
1
2
1
67
2090
20930
291
65
9617
264
338
2420
2001
0
1
2
1
1
1
1
1
1
344
15
91
93
238
329
646
1
1
2
1
1
1
1
1
1
87
58
2
1
27
1098
995
195
1211
601
1781
70
33695
6406
4260
2709
2027
2026
21153
2094
98
586
1046
1
205
1795
1
0
1
1
1
248
25
1723
2
1
1
2
0
1
0
1
1
318
12
1659
0
0
1
1
1
1
1
0
195
13
1758
1
0
2
1
66
41
1
17
585
118
10
644
114
16
640
118
14
363
119
10
377
17
105
328
17
99
123
1
10
48
0
77
342
10
107
120
10
108
302
11
105
119
10
109
256
11
108
25
9
34187
472
5483
405
240
2445
239
283
3432
1999
2
20835
1165
4000
0
124
6876
32003
11003
31913
51430
4665
2
1
1
23456
6620
90982
2936
2001
1
1
1
444
360
12656
10538
67
2
2
1
404
99
1428
1
1
2
2
1
1
1
1
1
239
98
83
82
1483
1
66
3
2
2
1
2
1
3
162
170
83
78
27
1400
1
65
4
2
2
1
2
2
1
292
147
140
43
1297
1
66
2
2
2
2
2
1
2
156
76
88
757
842
1
1
2
1
1
1
1
1
1
152
95
813
931
2
1
1
2
1
1
1
1
1
175
107
316
769
624
2
1
2
1
1
2
1
1
1
178
86
72
73
1577
1
1
3
1
2
0
1
1
1
115
90
74
122
1591
1
66
2
2
3
1
1
1
2
280
164
1496
2
1
1
2
0
1
1
2
1
152
82
80
77
1623
2
6
1
2
1
1
1
1
1
207
92
83
710
848
1
2
2
1
1
1
2
1
1
190
88
72
29
664
1
1
1
1
1
1
0
2
1
159
61
1
1
1
1
2
1
1
1
1
93
2
1
1
1
1
1
1
2
0
2
57
52
2
0
0
2
1
1
1
1
1
1
60
54
1
1
1
1
1
1
1
1
1
59
41
1
1
1
30
27
753
444
1
45
626
1329
2
1
1
1
1
1
1
1
1
98
646
1245
1
1
1
1
1
1
0
2
1
197
420
1375
3
1
1
1
1
1
1
1
1
198
91
87
33
1583
2
1
1
1
1
1
1
1
1
273
107
91
663
894
3
2
7
0
1
1
2
1
1
139
94
89
754
867
2
1
2
1
1
1
2
1
1
235
91
81
722
883
2
6
1
1
1
1
1
1
1
178
76
72
29
1604
1
1
2
1
1
1
1
1
1
183
84
84
75
1565
1
0
2
1
2
1
0
2
1
152
81
74
71
28
1586
3
1
2
1
1
0
1
1
1
323
98
77
35
1453
1
1
250
51368
891
1502
4094
1197
2069
497
1952
357
2225
497
353
621
833
164
433
86
50
88
63
96
83
63
60
140
69
52
501
1
2
1
237
54
1
1
138
31
1
108
23
16
84
159
91
16
1379
1
2
234
1767
1
1
2
1
1
1
1
1
2
414
95
1478
1
0
2
1
0
1
1
1
0
122
81
155
8
215
1412
1
1
1
1
0
1
1
1
1
113
71
78
60
1670
1
0
2
0
1
1
0
1
1
32
15
11
8
9
7
12
8
7
1883
1
1
1
1
0
1
1
1
0
14
11
7
6
95
12
10
10
10
9
527
1288
1
2
1
1
1
1
1
1
1
32
21
12
10
9
10
10
10
11
11
818
1
1
1
2
1
1
1
1
1
21
12
9
9
8
18
9
9
8
8
60
1
1
2
1
1
1
1
1
2
12
12
10
9
9
9
11
9
10
339
1
1
0
1
2
1
1
1
1
16
73
71
14
10
8
9
10
9
78
1
1
1
1
2
1
1
1
1
16
14
13
10
9
128
23
72
24
17
74
1
1
3
1
1
1
1
1
0
15
12
10
10
9
9
21
87
37
23
66
1
2
1
1
1
2
1
1
0
22
20
12
10
9
9
9
9
9
78
58
1
2
1
0
76
71
23
186
171
191
1
75
237
33
460
12417
43
694
17149
1364
226
1058
209
239
1255
10167
3783
1
0
381
20619
3937
2063
9000
2001
1778
305
163
1328
638
1890
7898
1
11004
135
1704
23158
2000
1
2
1
528
16469
7771
1306
12926
1994
1
317
132
2550
2302
1994
1480
7979
476
3
1
2
97
98
39
2
24
79
122
16
106
124
15
105
127
18
102
124
74
52
122
126
33
475
207
50
2
1
1
1
50
40
126
30
87
126
21
99
126
30
92
123
18
103
125
19
102
138
20
716
1237
3
0
1
2
1
1
0
365
118
183
1328
2
1
1
1
1
1
0
1
1
365
103
83
790
651
1
1
1
0
1
1
1
0
1
261
97
73
31
1102
2
0
1
1
1
0
1
1
1
353
86
79
79
78
2
1
1
1
1
1
1
1
1
112
53
2
1
1
1
1
1
2
1
1
62
44
2
1
1
1
36
27
120
17
107
124
64
59
120
14
108
124
14
108
127
20
124
122
16
106
124
14
108
309
1331
2
0
256
1746
1
1
1
1
1
2
1
1
1
280
97
100
1515
2
1
1
1
1
2
0
2
0
396
116
111
44
1319
2
0
1
2
0
1
1
1
2
181
111
1697
2
1
1
1
1
1
1
0
1
84
1908
1
1
2
1
1
2
1
1
1
92
342
1521
1
1
2
1
2
1
1
1
1
151
72
1
2
1
1
1
0
1
1
1
67
62
1
1
1
0
1
1
1
2
1
68
55
1
1
2
1
2
1
1
13
90
37
30
18
535
1
32
35
1
23
172
36
16
107
125
20
101
181
22
99
1300
2529
1
3
1
1
1
1
215
93
31
1649
2
1
3
1
1
1
1
1
1
229
1764
1
1
2
1
2
1
1
1
2
106
1881
1
1
2
1
1
1
1
2
1
126
1864
2
1
2
1
1
0
1
1
1
108
1881
1
1
3
1
1
1
1
2
2
109
1876
1
1
2
1
1
2
1
1
1
445
22
55
1469
1
1
2
1
2
1
1
1
1
265
22
1701
2
1
1
1
2
1
1
1
1
99
1595
1
1
2
1
1
1
1
1
1
106
17
70
2
0
2
2
0
2
1
1
0
67
67
1
1
2
1
1
1
1
1
1
67
9
55
1
1
2
1
1
0
1
2
1
66
9
53
1
1
1
1
1
1
1
1
1
63
37
1
24
2529
1
1
1
1
2
78
1917
1
29
9899
2075
3
69
1926
1
34
1970
4
1
1
85
1907
1
1
2
69
1048
2
2
2
2
1
100
519
2
34
565
121
20
659
119
20
596
64
2049
1
2
47
1360
594
2
2
3
232
35
8761
1
0
1
8068
441
1
3
97
305
103
21
87
127
21
486
1198
29
1974
1
2
2
1
1
1
1
1
1
111
1877
1
2
2
1
1
1
2
1
1
92
1901
2
1
2
2
1
1
1
1
2
103
1886
1
1
2
1
92
11899
1
87
526
2
36
1599
129
689
1012
19494
348
1
35
263
200
22
28
127
31
85
125
19
104
277
24
201
1
30
104
120
14
111
124
17
102
129
19
103
287
22
98
124
19
104
124
20
99
122
13
221
124
17
108
123
19
104
123
20
103
260
19
270
132
17
95
129
19
103
123
20
101
271
22
99
124
17
106
1
19
12722
2
3999
2
1
2
1
1
1
95
1898
2
1
2
1
1
1
1
2
1
96
1889
0
1
1
1
1
1
1
2
1
86
11906
12002
5178
286
2533
1
34003
1
2000
1
1
0
3996
6004
12345
131
9303
1
2809
18
607
240
59
1544
246
1697
1
6209
69
2721
40
1710
1423
577
916
2
1
295
125
2
1
1
1
1
1
1
1
78
109
36
2
25
229
1
29
27
116
20
123
224
22
23
74
13
109
131
1
25
551
121
23
105
1502
184
2
1
1
2
1
1
45
197
998
48
2
1
1
1
1
2
1
1
1
177
61
1
1
1
0
2
1
1
1
1
59
38
30
17
208
67
23
79
4
76
18
102
124
17
105
124
17
104
127
2
24
101
123
17
105
124
50
72
124
16
108
124
17
167
145
609
1
1
1
1
2
126
79
27
29
1
64
25
131
72
25
649
25
43
171
21
76
1303
1
1
1
1
47
45
1
1
1
1
1
49
25
96
16
105
129
19
98
123
19
107
122
17
107
137
16
90
37
13
132
21
47
89
38
117
18
117
108
11
111
127
15
104
124
13
110
123
21
101
126
15
106
123
15
108
141
13
91
127
15
106
124
17
137
97
18
114
81
41
175
19
50
117
19
107
1
123
18
156
72
13
111
125
16
232
1
67
58
126
15
97
144
19
163
43
20
271
408
1
1
2
0
140
26
1
15
96
111
33
103
13
108
127
14
108
378
243
838
2
1
1
1
2
1
1
189
97
83
28
54
2
1
2
1
1
1
160
54
2
28
53
132
20
196
33
19
88
126
22
100
20
1000
832
2
1
1
1
1
1
1
282
95
29
60
1
1
2
1
1
1
2
1
1
114
39
1
24
230
1
28
53
121
16
84
124
90
20
52
221
23
22
135
19
158
42
18
144
4
73
14
89
123
11
112
123
12
112
50
72
125
13
108
125
12
109
126
3
117
19
104
126
14
106
126
13
108
125
12
108
126
55
65
22
0
95
24
1
0
0
185
23
0
61
23
21
103
13
108
124
59
66
123
56
67
123
58
65
126
20
99
125
12
108
126
13
107
125
14
107
123
52
71
126
56
64
124
60
63
123
10
112
126
14
106
128
17
105
129
2
20
177
53
68
69
106
74
48
119
54
70
123
10
113
125
14
107
125
13
108
127
13
106
123
60
64
123
53
70
126
56
63
124
14
111
123
13
107
127
14
106
128
15
106
122
60
61
123
51
72
124
52
70
85
41
121
59
63
123
54
69
123
53
70
123
13
17
0
85
17
65
89
13
108
126
12
108
27
98
13
108
125
54
69
21
1
84
16
59
52
45
1
122
52
71
123
10
113
125
13
70
40
123
13
108
125
13
108
124
51
71
126
64
59
125
67
55
125
19
104
122
16
103
136
16
94
125
13
107
124
52
71
125
54
67
127
63
57
126
17
105
125
17
103
124
14
106
128
24
96
124
58
62
124
60
63
123
59
65
129
1
21
105
122
14
105
126
17
104
6
117
13
114
122
68
53
123
60
64
123
57
65
124
14
108
127
20
99
125
14
105
127
14
106
123
60
65
123
57
66
123
57
66
127
19
99
125
14
106
128
18
102
125
16
105
124
57
66
121
60
63
123
59
66
121
10
112
128
17
103
125
17
104
126
15
107
121
54
67
124
60
63
124
53
69
123
11
112
66
77
17
105
118
8
121
69
52
124
14
110
128
18
99
84
60
19
103
125
16
104
123
56
69
43
79
123
14
107
126
14
105
124
53
69
124
51
72
123
52
71
79
47
120
60
63
123
54
69
123
52
72
122
11
112
125
13
108
126
14
106
125
14
108
124
60
63
124
57
65
124
57
65
127
16
101
127
13
106
126
14
106
126
13
107
124
51
85
112
56
65
123
53
69
124
10
112
126
14
109
123
13
108
125
12
109
123
53
70
123
53
70
124
54
68
123
10
113
125
13
108
126
13
107
167
19
14
47
124
55
67
125
57
64
123
58
67
124
13
107
125
14
107
125
14
106
126
13
107
125
53
69
123
56
67
123
51
72
126
14
106
125
14
107
126
13
107
128
17
103
125
59
62
124
58
66
121
54
67
124
10
112
124
10
112
124
10
112
124
10
112
124
10
112
124
10
112
126
11
109
124
10
112
126
11
110
123
11
113
16
116
17
104
123
10
115
122
12
110
123
11
113
125
13
109
168
16
60
168
16
100
87
12
130
149
16
60
169
17
98
98
10
104
166
17
59
220
13
32
159
1
11
98
137
18
60
167
17
117
78
9
111
120
16
214
40
13
101
116
11
124
143
17
62
127
15
103
124
9
113
140
10
145
120
16
100
102
10
102
162
17
70
159
17
98
101
10
112
157
17
58
168
17
97
104
10
103
161
18
60
170
16
115
69
9
131
150
16
83
148
17
123
61
10
127
153
16
72
159
17
96
105
10
103
153
17
69
169
26
126
48
11
128
153
17
61
127
10
128
149
17
99
129
17
61
169
17
119
86
1
1
288
7
25
0
1
73
20
86
10
79
41
164
17
100
112
17
87
196
12
73
77
10
127
155
16
59
133
11
126
119
15
98
159
16
73
157
16
102
99
13
102
162
17
59
172
17
121
76
10
102
147
17
140
110
16
121
59
10
124
160
18
57
178
11
100
86
15
107
24
151
22
90
154
17
130
54
11
123
157
16
71
159
17
97
106
10
102
158
16
74
158
15
95
18350
16638
21664
19672
29291
49093
1535
3360
2993
300
23
423
125
18
2115
2
36
1424
2
1
1
0
1
1
1
75
49
328
23
689
3
33
27
123
20
1160
995
759
246
0
1
1
1
0
125
486
740
1
1
1
1
0
1
1
1
1
148
64
63
61
28
1
1
19
17
411
52
124
15
64
161
16
384
238
2
23
97
142
30
341
154
16
50
131
14
501
1
83
35
67
114
24
322
135
21
49
20
1402
1
1
139
1861
2
1
1
1
1
2
2
1
1
175
104
91
92
33
176
1
1
1
1
0
1
1
2
2
156
124
513
1
1
0
1
1
90
256
29164
2426
13941
1495
591
521
2
1
183
315
9926
305
356
977
549
5218
2163
370
2
1
88
54
29
76
19
96
124
68
58
120
68
80
125
69
54
124
19
103
122
20
103
144
19
83
1795
1
1
1
0
1
177
77
19
1724
1
1
1
0
1
1
0
1
1
168
71
66
22
707
1
1
0
1
1
0
1
1
1
112
65
73
36
1
0
1
1
1
0
1
1
1
43
37
1
1
1
0
1
27
341
1203
1
1
1
0
125
66
1808
1
1
1
2
1
1
1
1
1
134
83
73
85
1616
1
1
1
2
1
1
1
1
1
142
83
73
26
1666
2
1
1
2
2
1
1
1
2
222
85
72
29
1578
1
1
1
1
1
1
1
1
2
139
78
82
76
1617
1
1
2
1
1
1
2
1
0
172
83
74
70
26
702
1
1
1
1
2
1
1
1
0
129
77
130
9
48
1
1
1
1
1
1
1
1
1
205
7
55
1
1
1
2
1
1
1
0
0
206
9
58
1
0
2
0
2
0
1
1
1
246
9
40
1
1
1
29
381
133
1034
29021
122
11879
2306
402
2293
1997
2585
22428
6956
236
1295
189
304
362
57
61
122
52
66
116
52
15
3337
201
1513
454
392
74
47
118
65
56
121
23
97
122
19
101
122
22
97
125
20
95
123
19
99
86
19
288
7217
1749
753
4397
282
2
116
210
14135
3393
2003
1
1
2
1
1
506
1486
1
1
2
0
1
1
0
1
1
236
1755
2
0
2
1
1
1
2
1
1
86
1904
1
1
1
0
2
1
1
2
1
87
1902
1
1
1
1
1
1
0
1
1
56
99
1
1
1
0
1
1
0
1
41
652
306
219
1863
373
22
75
142
20
68
156
17
66
141
18
82
157
19
76
94
19
437
259
343
974
245
1730
1363
394
73
49
117
66
55
120
26
93
122
19
102
121
20
100
121
18
102
95
20
333
1634
10145
14910
61
1939
14973
32242
27790
46
56791
12386
62671
85354
51885
34623
29810
1
315
0
1
600
3385
681
69032
2436
42576
13174
193743
114
21335
46075
7562
5734
197
171
203
39964
116177
76390
47802
35647
42695
463
1
189
1202
32564
4828
18694
68572
13613
261
15385
355
8950
575
20150
49686
12522
73561
598
39477
204
162
185
2294
1
0
73
21928
82536
59
262
30
220
29
1868
1321
0
1
0
0
1
0
0
52
41
40
34115
59
1420
45
19
33
49589
12253
125
13193
102408
129
8597
41569
2017
810
23177
1
17998
372
28251
13473
310
14738
25831
716
196
9713
9218
45192
51
5948
1999
12492
40906
940
145674
7053
51224
18301
23132
1
2
0
1
244
183563
15509
74377
47358
540
5624
10572
1
20780
3243
26020
5587
56054
3170
53
97
43968
77390
4838
12329
10063
63
82
72739
1
47830
23323
1598
57335
128942
8732
14234
59177
8116
78529
234
25320
51
255
26
1873
41
33
462
648
24
11557
40990
143631
31520
56571
2
166
279
11704
283903
9873
144295
874
427
25781
39921
11801
71858
47760
526
113
1
0
1
8745
27728
6616
23251
36
3410
37124
1
1
488
458
41699
122364
3870
122007
54648
64906
52765
89701
2
1
288
1
646
98058
30617
568
2576
1
490
1964
1598
2327
1519
1651
9239
10458
1
1
454
196
13346
3
1
0
1
389
84
509
1
1
1
1
3
1
0
1
1
89
65
63
63
52
1
0
1
1
0
2
0
1
1
58
82
34
17
9
112
239
370
1
65
24
0
1
60
19
131
942
1
1
1
0
214
24
26
0
1
1
0
1
107
24
95
14
400
1588
0
1
67
1
1
2
1
252
70
65
1540
0
1
1
1
1
1
0
1
1
76
70
64
67
591
1173
2
1
2
1
5
0
1
1
1
127
68
60
21
39
1
1
1
0
1
1
0
1
1
85
39
1
1
1
0
1
1
1
1
1
40
32
1
0
1
1
25
20
931
431
1
1
71
836
1097
1
1
1
1
1
0
1
1
1
188
74
64
23
1086
1
1
1
1
1
0
0
1
1
145
64
135
14
393
3
1
1
0
1
2
1
1
2
19
51
35
9
7
7
8
1648
2
0
1
1
17
12
7
6
4958
1
1
2
44
23
8
8
1954
2
1
2
1
1
2
4
1
0
45
28
10
8
7
8
7
7
7
8
1855
5
2
0
1
1
1
1
0
1
47
27
8
7
7
8
7
8
7
8
1863
2
1
1
1
1
0
1
1
1
47
25
8
7
6
7
7
7
13
6
1801
1
30
2
2
2
1
2
1
1
29
12
7
7
6
6
6
6
6
6
1870
30
4
3
2
1
1
2
1
1
28
15
7
6
6
7
6
7
6
6
1858
2
31
2
1
2
2
1
1
1
38
15
7
6
6
7
6
12
7
6
1848
2
33
1
3
1
1
1
2
1
41
18
6
7
7
7
7
6
7
6
1842
1
0
32
2
2
1
2
1
2
24
11
6
6
6
6
8
6
6
6
1916
2
3
1
1
1
4
1
1
1
45
23
7
7
18
14
7
6
7
1808
2
31
6
2
1
1
1
2
1
45
19
7
7
7
6
6
7
6
7
1877
2
1
2
2
0
1
1
1
2
21
13
6
7
7
6
7
6
7
6
1861
1
29
2
0
2
1
1
1
1
32
15
7
12
6
7
6
7
6
6
143
1
1
1
0
1
1
0
1
1
12
9
6
6
6
6
6
6
7
6
39
1
1
1
1
1
1
0
1
1
8
8
6
6
6
7
5
7
6
6
39
1
1
0
1
1
1
0
0
1
9
7
6
6
7
6
6
6
6
7
40
0
1
1
1
0
1
0
1
1
8
7
7
37
309
11
7
54
16
178
74
1
0
1
0
0
1
216
180
2260
0
0
217
4531
745
248
156
1530
34
0
3542
1
284
143
1571
182
5819
2
1
1
399
80
49
1469
1
1
1
1
0
1
1
0
1
56
1109
825
1
78
503
6425
1994
999
23004
1999
10001
8999
21285
883
4837
1
2
1
1
421
97
1476
1
1
2
1
2
1
1
1
1
253
96
82
77
1335
1
0
2
1
0
1
1
1
1
183
101
82
88
84
0
2
1
2
1
1
1
1
0
77
76
91
49
2
1
1
1
1
1
1
1
1
60
36
25
13
16
481
50082
2
590
84
669
14695
3441
222
0
75
39
18
100
119
15
100
119
59
60
118
62
57
120
12
106
122
18
98
121
16
100
120
17
100
120
66
52
116
59
59
119
11
107
123
17
99
121
16
100
119
59
60
119
63
53
118
58
61
119
11
107
123
17
99
121
16
100
119
62
57
119
62
53
121
15
20
90
19
100
14
104
70
16
66
69
13
106
122
15
100
121
15
83
24
115
14
100
120
58
60
119
60
60
119
14
103
121
17
100
122
16
22
77
117
65
18
68
16
103
120
19
123
95
18
76
123
66
52
134
76
33
164
20
93
76
22
45
272
1
109
236
1
79
30
1
65
146
1
69
23
142
2
21
82
76
63
39065
4949
8
344
2248
7125
3287
3999
326
413
411
1058
793
462
1
488
733
1921
294
372
1
124
221
410
89
102
24
22
204
422
18
101
126
13
528
124
67
57
19
60
79
562
29
35
2
88
24
2178
2
2
296
1700
2
2
1
1
1
1
0
1
1
88
111
1793
2
1
2
1
0
2
1
94
87
1
1
1
1
1
0
0
1
1
520
12
8
357
1
0
2
44
172
122
11
110
572
16
103
124
15
501
126
15
107
530
28
87
125
18
530
1541
2
57
91
1
1
2
1
36
352
124
19
106
37
1
0
393
119
21
100
124
21
521
114
19
102
539
21
97
123
15
522
122
11
111
552
15
105
123
14
550
122
11
112
31
1
0
286
221
21
99
237
21
375
122
11
111
486
15
105
123
15
377
118
13
107
356
15
103
126
16
107
419
12
110
127
15
104
404
17
105
122
11
112
406
15
103
124
15
109
122
10
396
123
14
107
129
20
101
416
20
1608
3
1
1
1
1
96
59
1
1
1
37
57
164
23
26
219
23
349
1
31
86
99
19
101
322
25
97
124
20
101
125
20
102
342
19
98
127
18
101
194
21
101
153
22
68
1863
3
2
1
1
1
122
1868
2
1
2
2
1
2
1
1
2
135
1851
2
1
1
1
1
1
1
1
1
105
1884
1
1
2
0
1
1
1
1
1
78
1913
1
0
2
1
1
1
1
1
1
87
1007
42
164
146
280
2264
20003
2
357
401
1239
3
1
1
1
0
2
1
1
1
166
71
67
62
1621
1
1
1
1
1
0
1
1
1
77
70
63
63
1721
1
0
2
0
1
1
1
0
1
128
71
65
63
20
1648
1
1
1
1
1
1
0
1
0
205
80
151
8
1548
1
1
1
0
1
1
1
1
1
166
69
63
20
1678
1
1
1
1
1
1
1
1
1
254
83
66
65
1517
1
2
0
1
1
1
0
1
1
71
67
63
61
19
1262
0
1
1
1
1
0
1
1
0
162
76
72
21
36
1
1
1
0
1
1
1
0
1
119
102
57
1
1
1
1
1
1
1
1
1
61
50
2
1
1
0
2
1
1
1
1
59
49
1
1
1
1
1
1
1
1
1
60
51
1
1
1
1
1
1
1
1
1
59
47
0
1
1
1
1
1
1
1
1
58
44
1
1
1
1
37
25
63
15
101
8
122
16
105
124
12
110
123
13
112
122
14
119
114
15
106
127
18
101
129
13
110
123
13
113
121
14
108
124
14
112
1
127
17
104
124
14
108
124
13
109
126
17
105
91
37
117
15
107
124
14
534
119
15
891
1665
1
258
41
2
77
25
78
15
134
92
68
51
187
71
61
101
61
1785
98
16
106
253
2
67
46
14
122
114
18
104
121
83
46
274
1
104
25
100
17
98
222
23
115
1
99
70
51
121
62
98
1353
36
68
196
14
38
124
16
104
187
15
105
124
71
51
124
67
58
123
65
822
2
1
97
39
22
29
100
21
103
127
22
96
806
200
27
237
2
83
26
94
18
134
75
67
47
87
113
134
292
84
31
118
64
58
123
13
240
121
14
106
126
17
104
129
1
20
20
0
217
124
61
119
123
58
64
126
59
19
64
14
109
124
14
106
125
62
59
124
60
103
123
58
65
123
14
108
125
14
105
127
14
106
127
57
62
145
69
38
184
71
20
156
19
42
121
16
108
85
129
33
75
1252
2
63
1939
2
1
3
1
1
2
1
2
1
523
146
581
735
2
2
2
2
2
1
2
2
1
260
97
87
89
178
1
1
2
1
1
1
1
1
1
86
78
91
116
2
1
1
1
0
1
1
1
1
65
55
0
1
1
1
2
1
1
1
1
59
95
1
24
24
379
1167
1
2
1
177
609
1214
2
1
1
1
1
2
1
1
1
334
105
82
35
1438
2
1
3
1
1
0
2
1
1
403
126
631
823
2
1
3
1
1
1
1
1
1
239
90
106
191
375
1
1
2
1
1
1
1
1
1
175
79
77
59
46
2
1
0
1
1
1
1
1
1
64
53
1
1
1
1
2
0
1
1
2
65
53
1
1
1
1
1
1
1
1
1
63
38
1
22
162
29
107
8
122
16
105
127
17
138
90
18
104
204
20
25
122
18
107
119
17
106
126
18
103
126
18
704
1278
1
2
1
1
1
0
1
1
230
114
332
99
1
1
2
1
1
1
2
1
1
151
110
44
1
1
1
1
36
88
27
14
94
124
15
109
100
537
125
21
98
124
14
2125
121
18
539
125
74
50
121
68
53
524
69
55
121
20
103
123
21
102
123
19
104
123
19
104
123
69
57
216
69
56
122
74
54
118
20
102
124
20
103
162
17
62
125
18
103
123
63
58
127
63
58
153
61
61
124
13
109
115
10
121
63
59
124
60
136
124
11
111
128
17
103
125
16
105
125
16
108
18
102
126
14
106
125
13
106
129
17
103
123
60
62
124
56
68
125
66
19
117
11
113
126
15
105
87
18
103
124
60
19
1188
1
1
159
30
20
70
16
38
123
68
110
122
70
425
1
2
101
47
2
73
81
126
73
51
121
69
53
163
18
66
165
20
84
76
27
77
1543
2
1
2
246
38
1712
1
1
2
1
1
1
1
1
1
217
111
733
930
1
0
2
1
0
1
1
0
1
184
73
107
462
1167
1
1
1
1
1
1
0
1
1
131
90
1769
1
1
1
1
0
1
1
1
1
60
1931
2
1
1
1
1
1
1
1
1
76
1915
2
1
2
1
1
1
1
1
2
66
62
3
0
1
1
1
1
1
1
1
64
68
2
0
2
1
1
0
1
1
2
61
53
1
1
1
1
2
1
1
1
1
59
53
1
1
2
1
1
1
1
0
2
58
51
1
1
1
1
2
1
1
1
1
62
43
1
1
27
24
339
26
29
1
22
74
134
20
84
124
20
108
177
21
204
2
28
65
215
22
21
94
16
108
123
11
111
126
14
106
139
17
91
123
10
112
129
19
103
123
18
101
123
11
111
126
14
106
124
14
109
723
2
1
1
2
0
52
188
1
27
29
102
21
96
122
12
111
289
1
21
81
122
13
110
123
11
112
129
18
103
129
18
97
287
21
29
3
18
1196
123
14
107
123
15
109
122
11
1380
111
21
97
123
15
109
467
14
106
127
15
104
127
17
104
123
11
250
126
15
500
124
17
106
123
10
112
127
15
105
585
17
106
125
15
1645
176
2
29
3046
1526
1
0
4002
1
0
442
885
420
2247
8168
449
106
3279
1
1999
0
0
126
5874
2004
3
2
1
1
2
1
1
1
0
212
78
76
1624
1
1
2
1
1
1
1
1
1
96
1893
1
1
2
1
0
2
1
0
1
94
1912
2
2
3
2
1
1
2
1
1
85
298
1609
2
1
0
3
1
3
2
0
1
94
188
1702
6
1
1
5
1
1
1
1
2
113
1850
4
1
1
1
1
1
1
1
1
110
347
1
1
1
1
1
1
1
1
1
66
53
2
1
1
1
1
1
1
1
1
61
57
1
1
1
1
1
1
2
1
1
60
49
1
1
2
1
1
1
1
1
1
55
49
1
1
1
1
1
1
1
1
1
61
60
1
1
1
1
1
0
2
0
2
53
52
2
1
1
1
1
0
2
1
1
227
43
1
1
1
30
24
133
17
76
438
1
33
29
1
147
19
24
1411
3
2
2
68
69
2
1
1
2
1
46
23936
141
29603
279
276
2699
11007
2
1
1
1974
6901
29605
14
178
29
181
28
180
26
181
22
766
7552
5363
4
1
2
1
1
1
2
430
106
93
506
1
0
2
1
0
2
1
1
1
214
82
74
69
25
59
1
1
1
1
2
1
1
1
1
123
48
1
2
34
24
261
22
26
1
22
73
124
61
59
114
18
100
119
21
97
121
18
89
10
119
18
446
1
1
34
32
1
22
65
4
113
17
102
120
13
103
124
18
100
36
17
21
83
19
141
19
64
149
18
68
120
16
100
120
56
61
88
21
24
151
72
16
61
123
16
99
126
37
66
22
439
1
100
25
1
65
21
46
55
63
62
57
119
14
78
120
63
55
119
51
67
122
14
101
121
16
101
120
15
20
40
75
117
14
102
127
2
20
98
120
16
101
119
57
78
101
65
54
118
10
107
75
17
65
119
58
62
192
65
20
85
16
232
1
79
29
245
1
25
45
2009
1
1
1
1
1
1
1
129
83
82
78
2
1
2
0
1
1
1
1
1
61
36
1
0
26
20
71
13
105
122
17
78
26
115
16
100
119
13
105
97
14
108
81
42
243
2
26
79
723
300
1
2
112
975
7770
20995
1
3996
2000
3675
3632
113
14
102
121
14
101
122
14
102
122
68
50
115
73
60
106
10
107
124
17
98
121
16
404
1
1
103
24
72
15
71
122
13
102
119
58
62
120
58
59
119
13
105
121
18
97
120
13
103
122
13
102
119
59
62
118
57
62
119
13
104
123
19
94
121
12
104
122
54
61
95
60
63
119
13
105
121
16
101
121
17
23
76
118
13
104
119
55
62
119
58
63
119
13
105
120
16
100
122
17
19
80
117
57
16
74
11
107
98
12
76
146
98
17
99
119
57
61
119
56
62
74
50
47
121
59
58
120
56
61
118
11
108
121
13
103
123
15
99
121
13
103
27
12
109
121
13
103
73
13
77
100
135
250
1
116
28
85
19
77
125
81
31
116
59
102
79
67
52
175
19
44
118
16
118
103
15
134
7
77
78
17
123
14
57
122
14
106
119
17
98
121
57
64
1
19
106
2
11
108
12
106
10
106
8
110
8
111
8
111
8
111
9
109
7
111
8
111
7
112
7
111
8
111
7
111
6
115
11
108
10
106
7
112
8
110
7
112
7
111
7
112
7
111
6
118
13
105
13
106
13
106
13
106
11
106
12
107
14
104
11
108
13
106
12
107
13
27
0
1
10
108
41
76
250
26
1
22
81
41
26
27
69
53
20
96
73
48
19
147
21
46
72
76
20
69
63
97
31
48
20
89
9
65
52
19
99
65
54
60
59
18
100
16
103
20
93
60
22
44
70
48
15
100
19
103
76
285
1
96
24
32
1
63
20
24
26
38
117
19
104
19
62
49
64
44
66
53
18
98
74
223
1
25
18
24
16
155
59
28
89
21
94
75
49
19
95
75
48
64
54
29
87
19
99
17
104
68
53
65
50
18
98
65
54
20
98
16
103
23
99
21
64
37
63
52
19
96
64
56
18
105
114
28
23
68
24
98
53
62
84
40
39
27
0
0
1352
13986
3798
3128
11076
2330
1255
5033
367
97
37
17436
2960
314
12906
29
316
200
37
715
2916
6690
57797
10756
4813
4803
120
926
172
166
19815
139
979
8504
1
0
1
728
1
20941
20070
2
698
161
1
482
10616
1
1
123
286
105
8388
15746
1
325
1095
195
20284
3
5743
2
3372
1
1
25
0
1
418
1
0
1
1
1
0
1
15934
297
61454
15619
1
1
2
0
1
59372
3039
1486
34313
61
7074
12139
34638
282
1
222
1
1
0
1
0
0
358
1666
1232
9181
27197
27044
2
322
370
984
1
370
286
46722
4265
15494
118
17977
15020
2
27377
12188
8606
48415
36939
14624
1286
16159
77959
25742
1
336
25650
1485
23363
2
36661
826
21293
54431
390
38199
445
0
1
175
9498
16548
1693
21826
1
0
382
282
25016
324
129
1
420
15203
4860
3711
6034
393
6146
14262
49043
3
76184
1661
15930
5458
1
1
460
265
4865
19758
17566
7653
625
575
4568
13073
208
258
1
148
23022
10395
24891
4042
11797
1
56
158
80316
112
28514
6349
31601
1006
57775
43927
57
16397
8384
325
9023
579
33073
872
10092
14553
12309
11914
2818
25290
35650
317
18300
15105
1
382
155
1
767
135
6314
808
6440
3525
35323
12777
59882
19475
3504
8101
11968
1
0
470
205
22358
7655
11581
16810
14060
199
1273
60546
1739
6498
13868
608
57999
1749
11583
426
55
354
1
997
998
4281
215
14443
43182
191
1
11781
220
3304
2870
74545
252
31316
7491
870
1037
15696
22044
30950
12371
977
8926
18001
1128
11273
11724
10925
6990
12680
31148
14112
1
26
0
2013
5388
59726
11764
29558
20599
53666
15103
915
44992
11177
31169
38012
3861
5928
73220
2
0
2139
9863
3312
388
2
1104
89531
41243
1684
21331
1
1
450
36
196
420
41338
11684
19048
1800
186
34485
15748
25020
49283
66257
2
34463
2625
124186
73009
79082
580
1
19591
1044
156
1544
169
182
391
274
2410
21797
1
282
288
42405
15647
14245
2
55833
14992
112
26227
6543
40025
1035
41172
1
303
212
1
618
3762
7097
170
121371
2774
192
16623
55
4942
6239
272
13060
301
0
2
1
82
91
82
1
21
379
2
1
140
32
1
68
692
2
34
33
1
1
1
157
24
1235
1
2
1
288
585
1
1
1
1
1
1
0
1
1
104
77
76
80
63
1
1
1
1
1
0
1
46
29
387
2
1
30
24
106
36
92
16
162
88
20
109
154
23
82
107
58
60
164
23
106
115
22
81
142
23
112
60
25
32
104
86
19
139
106
23
108
181
18
89
11
43
66
66
166
73
25
134
22
109
84
19
162
143
17
20
226
23
23
176
126
21
23
60
82
153
73
25
135
23
92
141
151
2
77
23
151
176
25
1
21
78
167
22
106
82
19
97
165
25
39
209
36
68
22
209
124
23
23
59
158
152
22
106
82
21
92
110
227
1
80
22
170
46
214
791
1
79
84
1
1
0
1
1
75
78
23
70
1
70
22
70
14
137
141
72
110
134
72
28
31
246
85
1
21
151
142
18
109
163
23
83
93
21
109
227
81
23
193
126
26
1
70
905
1
1
2
1
1
0
79
75
72
29
1
19
243
1
78
68
229
19
19
681
1
1
1
1
82
78
33
15
18
116
17
214
22
55
101
113
58
31
174
63
21
41
101
121
122
18
138
2
116
20
141
64
21
139
62
75
226
2
79
21
12
196
73
12
85
74
17
2198
1
1
2
0
268
41
796
1
1
0
2
0
1
1
0
1
240
76
22
33
1
1
1
1
1
0
1
1
1
123
28
99
15
347
282
1
67
26
1
0
1
64
20
239
1191
0
1
131
528
1
1
1
0
1
1
0
1
1
69
65
68
61
18
715
1
1
1
1
1
141
73
35
1
1
1
0
1
1
0
37
159
881
239
1
1
1
1
1
2
1
1
71
65
67
61
28
1
0
56
18
16
975
0
1
189
49
1
0
1
1
1
1
60
64
65
34
13
13
193
15
17
224
101
1
69
19
76
13
1173
155
1
1
1
0
1
1
0
1
67
71
61
24
52
1
0
96
21
12
61
19
52
83
156
20
74
148
22
265
88
0
59
24
12
125
148
63
25
81
57
89
22
160
80
58
16
186
133
17
24
55
689
1
1
1
0
1
66
67
60
13
14
101
14
331
1
68
19
55
55
85
160
63
21
108
59
82
191
43
52
87
13
143
118
14
79
139
19
71
179
64
114
39
55
106
108
90
17
168
138
44
66
13
43
177
19
78
96
18
92
67
75
133
15
130
136
12
120
130
13
53
154
64
21
72
1
54
1668
1
0
72
39
13
94
187
19
82
791
1
1
1
1
1
72
65
23
33
89
59
72
103
64
892
1
1
70
50
0
1
1
1
60
62
18
77
0
61
25
106
59
43
1878
1
1
1
1
1
1
138
71
18
1748
2
1
0
1
1
0
1
1
1
296
80
63
18
995
1
1
1
0
1
1
1
0
1
135
69
60
20
35
1
0
1
1
1
0
1
1
1
87
42
1
1
0
1
1
1
1
0
1
40
27
367
1558
1
1
1
1
0
1
1
1
154
79
63
17
137
1
1
1
0
1
1
0
1
1
104
75
28
1
1
1
21
22
494
941
2
1
89
1909
2
2
1
1
1
1
5
1
0
163
72
63
67
1547
1
1
1
1
1
0
1
1
1
157
74
63
65
1631
1
1
1
1
1
1
0
1
1
88
67
66
62
19
1691
2
1
1
1
1
1
1
1
0
204
88
847
854
2
1
1
1
1
1
1
2
1
163
73
61
75
1617
2
0
1
1
1
1
1
0
1
198
81
70
475
1168
2
1
0
1
1
0
1
1
1
204
76
61
21
62
1
1
0
1
1
1
1
0
1
89
40
1
1
0
1
0
1
1
0
1
39
36
1
0
1
0
1
1
1
1
1
43
36
0
1
1
0
2
0
1
1
1
38
34
1
1
0
1
1
26
116
2037
1
1
1
0
158
255
1585
1
1
30
1
2
2
1
1
1
169
69
60
65
630
1
1
1
2
1
1
1
2
1
144
83
84
454
1
1
2
1
2
1
1
1
1
145
261
1
1
2
1
1
1
1
2
99
55
265
1
2
2
2
43
28
125
16
104
128
21
101
55
63
4
408
2
1
34
83
88
18
75
31
122
19
102
126
18
265
86
2
80
22
3
74
37
111
61
60
1721
1
154
669
2
0
1
2
1
1
23
2
4
119
83
79
76
127
1
2
2
1
2
2
105
41
2
23
23
215
1
1
75
40
128
19
101
124
19
121
77
111
850
37
59
186
18
18
665
68
33
213
1
71
25
521
28
91
26
17
312
30
2
106
1470
94
22
91
127
18
101
135
61
388
1
0
92
21
96
17
105
126
61
1059
2
336
2
1
1
1
1
0
1
231
17
95
46
1
1
2
37
37
47
117
18
178
107
23
69
122
21
32
129
113
80
24
1666
1
1
0
1
1
1
0
287
75
66
67
1
1
1
2
1
2
1
19
153
75
56
1
2
75
390
2
1
1
36
128
75
17
155
598
3
2
2
2
145
74
2
31
24
71
13
85
68
122
113
30
1359
4
2
129
1578
96
1
0
1
1
1
1
0
1
1
123
78
60
64
41
0
1
2
1
1
1
1
1
0
114
50
1
1
1
1
2
1
50
34
48
16
144
58
48
137
16
71
161
16
71
152
20
49
47
115
16
135
84
21
145
113
7
91
17
138
90
19
107
144
20
60
10
169
1
127
72
35
1
69
95
53
77
43
22
119
18
125
145
19
51
121
18
111
171
22
100
120
18
56
190
19
36
124
19
141
122
20
65
155
16
75
160
21
641
0
2
1
1
47
30
120
16
71
188
19
39
122
18
105
138
18
108
104
17
149
85
23
145
113
16
67
158
17
23
0
137
16
71
163
22
37
159
21
57
136
15
137
75
17
140
120
20
81
149
15
70
160
16
72
162
2
0
28
95
277
1
72
26
75
16
141
94
16
86
161
19
66
158
20
67
123
18
103
88
17
107
125
18
149
96
17
141
114
20
58
158
15
72
160
16
1343
171
17
110
112
18
121
81
18
126
139
19
54
130
19
107
186
1
24
125
115
20
51
173
40
81
81
19
125
138
18
57
178
17
125
49
13
111
178
19
66
138
19
84
128
17
92
868
2
0
39
43
1
1
1
1
34
77
462
21
77
1
2
29
26
92
19
21
539
22
98
232
1
25
93
124
21
164
112
15
125
50
13
132
155
17
62
115
16
110
124
18
102
125
21
101
124
19
103
124
18
100
126
17
857
2
1
46
75
2
1
3
1
44
348
1
2
34
98
129
19
45
142
23
78
122
15
105
126
15
105
124
14
113
124
16
102
126
15
104
124
15
108
123
10
112
127
13
106
5251
94
9330
17946
3504
2
0
403
527
1067
1
1
2
1
1
1
1
1
2
210
91
102
1604
2
2
2
1
1
1
1
1
1
77
80
95
1
1
2
1
1
1
1
1
0
66
595
1
1
2
1
1
1
1
1
1
80
53
1
1
1
36
27
91
18
104
124
18
101
125
16
106
122
15
112
125
19
101
125
20
102
125
19
103
120
15
104
124
14
110
123
11
15
177
54
14
106
123
14
111
121
11
112
126
15
105
123
14
112
121
10
113
126
15
104
124
14
109
123
10
112
128
14
1386
1
2
2
2
2
1
2
104
55
1
2
1
35
34
78
16
105
127
18
203
28
14
132
98
20
102
124
19
103
124
20
102
124
19
102
123
16
105
126
18
101
127
18
108
121
18
105
123
20
98
123
11
111
126
15
105
625
2
0
1
2
47
63
122
10
112
126
14
106
124
14
109
123
11
111
127
14
110
125
21
101
124
20
138
89
19
102
156
20
118
199
1
28
89
122
11
112
126
14
106
123
14
148
85
12
110
127
14
105
125
17
105
123
10
116
126
19
101
126
20
98
122
11
111
127
15
108
120
15
109
122
12
110
3503
1
1
1
2
37
1895
1
1
2
2
1
0
0
437
18
43459
336
14649
6549
355
1
2
89
48
28
73
18
86
962
1
0
1
1
1
1
2
1
1
207
186
117
152
2
1
2
1
128
68
77
1
24
191
1787
2
1
0
1
1
2
0
1
292
85
85
762
768
1
2
2
0
1
2
0
2
1
176
87
75
70
1585
1
1
2
1
0
1
1
1
0
200
82
67
64
1212
0
1
2
1
1
1
1
2
1
107
82
82
68
21
994
3
1
2
1
0
1
1
1
1
172
119
1695
1
2
1
1
1
58
1869
5339
3574
11264
7899
36594
10347
178
1657
41
50114
16320
252
53497
1
0
534
297
1472
32558
47701
290
131281
1581
41337
116
33908
55549
2
397
121
1
762
2887
36005
30625
246
0
136
100
30382
350
166
1
34761
2
39404
628
1
1
1
14645
56061
1
2706
6045
7835
20893
37666
63289
151658
61645
1
1
1
190742
28145
91880
164
757
14622
3445
12135
72170
22973
92082
36907
89061
35590
54051
3721
244
2
77
30
13
79
194
16
17
135
117
34
39
102
27
163
40
41
88
13
135
100
14
111
137
20
380
1
1
103
49
64
12
107
72
94
17
168
64
21
130
19
88
119
17
145
72
12
161
136
14
47
166
137
22
1
57
70
161
20
80
111
18
171
115
16
14
177
125
18
22
54
107
138
64
21
134
19
142
75
15
90
191
86
26
84
57
15
171
128
17
81
15
87
118
20
70
184
19
270
3
87
23
1
24
133
28
109
13
117
27
173
1
9
8
80
29
133
27
90
10
103
29
132
72
47
9
714
1
1
2
2
1
31
11
8
7
7
8
25
7
127
36
75
10
14
6
132
27
172
28
49
22
38
9
133
29
108
15
87
13
90
13
127
27
134
27
88
43
15
6
130
28
136
26
87
9
55
8
160
28
99
10
93
28
84
10
128
27
50
21
174
28
98
1
9
8
63
171
20
138
20
1
15
13
130
64
24
19
108
64
81
18
152
107
20
58
17
56
17
14
122
63
30
19
98
22
124
8
68
145
30
19
122
19
14
17
53
72
17
135
73
23
58
176
1
18
62
532
1
0
1
1
65
17
14
56
15
214
1
79
56
100
2
27
60
21
1
55
16
19
12
83
58
85
27
90
22
74
21
55
930
1
2
1
1
2
1
89
19
92
94
16
12
168
136
1
1
1
1
1
60
58
15
51
24
36
36
1
1
20
18
16
9
107
167
2
73
17
119
144
1
25
89
203
17
16
97
19
121
136
19
84
115
59
28
166
20
66
154
19
133
86
131
62
21
119
19
88
154
93
62
42
202
68
23
56
13
971
0
2
0
1
169
69
31
1
0
1
1
61
63
105
1
17
1225
1
91
1852
3
1
1
1
1
1
1
1
1
386
96
67
26
1118
1
0
64193
549
42665
35818
21845
32276
100496
84
2928
355
136
96
232
3842
7597
21368
36946
754
789
24916
30096
62412
80316
51950
2
333
175
0
837
20728
124
44468
1
1509
42341
358
1512
42451
317
32934
10288
725
43922
412
19223
846
23073
642
2030
151297
89340
9912
1
521
246
1433
1
110916
57064
68272
89868
135008
36013
66701
55983
12034
1188
15754
25667
324
532
31
408
2
200
1
737
17989
27726
10080
11314
4067
647
13497
30031
3930
714
263
164
669
222
10023
1545
38650
163
10847
42
1532
32
1
24
35434
6999
1106
319
84
29008
2
15092
10873
4197
2232
1401
11534
26982
1652
48
91
16341
3501
74043
38903
265
1
167
1
0
1
211
0
16457
81233
239
37589
4881
44255
78237
12482
333
140
0
37753
1913
236
10351
34410
287
448
176
16460
244
105
99
6653
49548
307
28355
194
11198
220
74
138
4308
1117
2
0
1
0
24340
13374
204
17223
18
349
228
1
735
4484
8000
20847
98647
56
85
6606
351
207
1
1657
7648
1548
23618
107695
53781
43754
3153
142
7724
31354
48922
87707
25621
28963
1
382
292
349
1550
49
11003
1445
20002
52300
24
840
17018
35800
30718
144429
2424
22953
41191
23
849
14256
22389
197605
15152
3847
23537
310
27673
33332
650
41859
69857
56463
342
46940
17830
41563
669
12760
106511
30334
36402
74074
57902
36529
5287
29183
19
354
195
623
163
16674
21528
4239
22315
37645
37896
179043
310
9200
600
58823
30610
400
190
2001
67993
88373
354
20052
18792
34544
4029
1901
21756
1
1
369
292
41979
15812
622
4518
11799
38284
5538
59379
49011
2
0
2
1917
1
1140
1
0
1
2925
1016
7380
29
1
2578
9929
2
1999
22118
13468
30741
2676
20000
2998
2001
1
1
66
1
1
2
1
1
1
492
1461
1
1
1
1
1
1
1
1
0
203
85
74
71
24
1508
1
0
69
1
1
2
2
1
1
221
80
70
70
28
1453
1
0
70
1
2
2
1
2
1
213
128
87
130
1396
1
1
1
0
1
1
1
0
1
197
82
84
91
1504
0
1
62
2
1
2
1
2
1
165
43
12
11
10
16
10
1667
23
1971
2
68
3
1
2
1
1
62
263
68
23
61
22
20
51
1352
0
108
134
1757
74
2
42
143
68
673
24525
4809
12833
9835
1
200985
67028
75342
25588
25482
4055
210
20
26
77
15
404
121
18
612
97
92
559
109
73
573
63
33
1275
1
1
1
137
30
390
1
1
86
510
226
1
75
44
1
18
151
111
16
336
86
19
90
160
72
345
83
87
21
78
66
114
208
41
76
100
16
94
1267
31
1968
1
39
1
1
0
1
1
1
1
280
83
77
22
1492
1
0
38
1
0
1
1
1
1
139
79
77
23
1638
1
1
1
1
1
1
0
1
1
153
100
1740
1
1
1
0
1
1
1
1
1
65
1926
1
1
0
1
1
1
1
0
1
64
1935
1
1
1
1
2
1
1
0
2
68
78
1807
30
1
1
1
1
1
1
1
0
1
134
1493
366
1
1
1
1
0
1
1
1
1
59
1144
60
729
1
1
1
1
1
0
1
1
0
110
81
374
1
1
0
1
1
1
0
1
1
44
39
0
1
1
0
1
1
0
1
1
40
39
1
1
1
0
1
1
0
1
1
39
36
0
1
1
0
1
1
1
0
1
39
34
1
1
0
1
1
0
1
1
2
69
1
0
1
1
1
1
0
1
1
42
22
1
1
0
1
24
1916
1
0
1
0
1
34
688
1236
40
1
1
0
1
1
1
1
1
0
115
64
73
581
1161
1
1
1
1
1
0
1
1
0
164
75
60
63
1705
2
1
2
1
2
1
1
148
70
18
81696
28791
2164
20157
60394
48810
89684
1
14000
6998
1679
1542
1599
7959
10971
1
0
335
193
1987
12451
27335
23998
13500
76
71
19413
12852
2597
1942
12950
9766
82747
64177
2635
43309
101668
1806
2932
352
81672
67282
129431
164
16383
164380
2135
1177
546
16923
138393
93012
112552
250
22011
1
957
180
2288
36609
977
20866
39947
400
36623
3633
33098
6493
33215
87365
36220
483
17744
138
90824
473
86907
14127
397
29476
2
388
170
1
723
75681
336
8571
551
26434
173
22065
170
17039
638
31729
7719
18494
63691
45857
43994
24638
205590
64288
1
276149
508
1467
379
519
204
2047
1
71
521
3182
1
711
1399
225
13
165
236
0
152
1361
1267
1
1960
2211
6660
241
41159
2
279
237
1
615
45828
26925
768
1
187
378
42510
73306
30360
111405
28000
160143
7266
1281
62723
10679
66035
37210
5652
1
803
205
168
204
27
148
1
963
2135
15302
9170
1553
4015
90412
92542
220
5498
17827
135894
2
366
164
1
815
19931
28733
9376
42642
129001
39233
2429
114335
60260
28335
48527
114342
420
273761
2
570
24
1
695
40785
7393
36294
3909
20
314
212
701
145
16117
5582
24395
333
2
1
80
32
23
297
1
23
21
254
20
18
122
16
662
1
1
1
0
168
27
30
1
71
151
175
1
23
843
561
1
1
1
1
137
78
47
1
1
0
1
1
1
1
48
34
150
1021
2
0
2
1
0
1
244
80
26
70
1
1
1
1
1
117
85
450
1
25
29
0
1
23
21
187
17
104
635
1
80
33
1
0
1
1
116
29
147
1
75
22
107
16
92
723
1
1
1
1
83
66
25
0
57
96
42
112
140
133
35
18
52
164
21
54
85
134
18
80
8
204
47
49
97
13
148
120
14
63
175
64
22
200
64
138
92
68
17
146
91
27
131
13
96
108
13
115
119
19
88
355
73
21
1
60
18
185
193
21
1
16
66
188
19
48
112
18
164
148
14
113
150
200
51
2
59
18
148
58
16
175
19
200
70
16
16
174
41
128
139
19
16
189
194
21
1
57
18
186
61
36
170
19
49
19
172
29
100
120
13
181
96
14
663
1
0
1
1
116
22
31
0
61
127
34
53
132
98
115
18
62
61
88
129
20
155
137
15
108
93
16
132
136
15
84
724
64
58
1
1
1
0
104
21
29
1
57
100
111
73
21
167
63
22
135
19
87
136
79
17
188
85
41
68
13
161
107
66
17
173
64
21
431
2
0
1
73
21
97
14
497
149
20
83
535
0
1
1
1
66
27
26
88
13
13
114
76
16
497
74
89
31
172
117
18
63
55
73
145
1
67
70
144
5
159
73
18
142
112
44
21
54
61
177
19
107
116
16
382
1
0
106
53
12
49
196
104
25
1
59
18
192
19
72
119
19
142
69
14
149
118
14
131
156
73
16
120
57
19
2
14
105
154
16
129
89
124
26
134
60
16
156
120
38
78
14
67
168
17
65
162
16
48
20
140
17
118
136
127
18
96
144
16
54
56
63
145
15
73
163
16
41
84
973
1
2
1
1
0
1
1
152
76
64
18
39
1
1
66
111
31
12
183
206
0
20
447
682
233
1
1
1
1
0
1
1
0
1
145
65
66
62
20
24
0
1
62
19
106
14
154
66
15
111
102
162
59
14
20
164
15
70
108
16
326
1
65
19
135
61
59
175
124
16
42
119
19
126
18
142
67
16
159
129
15
116
148
14
47
186
123
17
19
53
68
162
58
27
154
16
48
78
58
100
147
124
18
32
123
21
148
16
66
158
18
67
197
21
124
68
12
87
194
103
20
61
59
709
1
1
1
1
0
111
24
44
62
12
87
129
13
141
110
100
15
152
57
17
118
56
67
2
19
129
16
183
72
16
124
108
16
38
115
20
145
16
75
166
16
67
109
13
192
124
40
48
11
95
117
14
463
132
12
17
145
16
137
110
58
62
65
214
80
2
17
15
130
16
773
3
1
1
2
124
24
55
1
0
0
64
226
0
16
43
177
15
28
154
19
64
139
59
130
64
123
17
175
57
17
142
32
128
65
12
70
162
16
65
129
17
136
38
217
66
13
14
201
40
41
75
12
725
1
0
1
1
115
21
19
1
56
68
46
40
56
137
66
62
656
69
63
61
156
52
38
156
16
141
99
13
52
129
12
176
50
112
19
146
1
64
71
116
57
64
99
286
1
75
22
1
59
64
156
58
31
158
16
69
214
18
40
119
13
110
111
12
108
168
122
16
54
57
67
157
57
65
153
35
74
100
17
174
66
13
98
137
14
71
164
61
116
1
60
129
30
158
57
58
17
198
168
20
1
58
48
133
15
73
145
17
95
200
17
40
120
12
128
111
126
17
174
56
18
1
15
146
80
16
663
2
0
1
1
115
21
51
75
13
29
122
18
156
116
58
22
136
126
29
116
109
19
131
33
697
1
1
1
0
1
135
72
361
1
1
27
23
1
15
131
756
691
1
1
1
1
107
65
45
1
0
1
1
1
0
1
1
1
105
67
62
21
22
1
0
94
21
12
78
161
16
67
115
10
160
28
82
91
15
146
79
16
149
1
60
239
688
1
2
1
2
76
65
18
21
1
62
71
1
59
62
158
15
74
140
7
129
100
16
131
120
23
79
27
77
137
14
70
135
16
139
115
58
264
2
112
32
1
26
116
135
13
128
66
12
333
111
16
146
70
58
92
129
121
18
115
120
37
66
14
145
69
16
155
75
16
148
82
12
148
138
123
26
57
121
21
109
58
65
138
17
305
0
65
45
77
13
75
125
13
84
132
119
17
674
1
1
1
0
1
104
29
20
62
12
98
96
12
126
109
13
109
122
52
70
233
60
16
82
58
44
167
17
116
77
12
112
116
13
110
123
13
108
126
55
148
50
55
58
206
62
672
2
0
1
1
0
71
67
18
35
1
58
33
149
60
16
159
60
68
90
11
513
1
67
22
1
1
98
37
11
96
60
58
199
79
11
123
788
1
1
1
0
1
62
64
20
68
1
62
46
107
12
154
80
13
109
122
53
214
596
1
1
3
117
20
42
1
71
38
19
54
51
122
10
35
1030
16
124
87
62
27
165
60
21
124
60
673
1
1
1
1
1
66
66
92
1
61
24
12
96
105
55
68
125
57
651
1
1
1
71
33
1
71
43
105
14
107
106
14
76
122
56
112
706
1
1
0
1
1
103
69
289
0
22
21
1
65
17
63
12
333
1
1
65
21
184
62
17
49
54
88
150
60
20
168
16
74
74
13
109
144
12
352
1
1
71
167
1
66
37
126
14
106
123
55
639
1
1
1
1
135
815
45
1
1
1
1
1
1
36
35
123
15
1270
1
1
1
1
1
1
1
49
118
35
0
2
1
1
154
170
1
2
86
98
68
21
79
123
12
114
84
12
112
126
13
25
229
795
1
3
1
1
1
2
148
71
21
23
1
1
93
21
12
110
67
13
404
199
1
1
75
66
1
1
98
20
100
770
1
0
1
117
72
1
0
1
1
69
22
86
13
553
1
22
62
1
1
21
19
123
764
1
1
1
1
117
63
26
1
0
1
59
18
16
80
54
55
124
10
138
68
31
57
64
55
13
107
125
13
108
127
14
127
125
55
46
166
62
16
97
9
103
117
12
110
124
13
113
121
56
67
139
61
17
165
59
23
168
16
79
105
13
111
61
12
583
102
56
54
169
15
99
73
13
154
80
12
84
114
63
32
106
56
56
124
10
115
105
71
69
57
65
124
11
110
671
1
1
1
1
64
62
18
658
0
1
2
0
115
22
17
63
12
74
126
56
64
123
52
95
99
55
68
44
10
115
126
13
108
123
53
70
123
51
73
122
52
71
17
108
122
55
68
18
8
106
125
13
108
126
14
106
78
54
69
126
54
75
116
12
110
125
13
111
123
14
110
137
13
108
124
55
41
1479
100
20
117
54
69
125
12
109
125
13
110
124
13
108
125
12
111
122
59
62
125
57
64
124
53
160
35
16
105
125
13
181
67
13
14
123
62
51
125
14
109
137
14
93
125
13
111
122
12
150
225
1
20
82
44
9
119
131
15
97
124
13
443
29
1
1
17
19
99
11
111
125
12
109
7
117
12
110
125
12
109
125
13
131
101
12
110
130
0
17
107
63
59
63
11
94
125
12
114
204
216
0
1
114
24
12
84
80
53
69
127
14
104
16
67
89
57
66
119
54
69
126
13
107
125
13
128
105
13
108
1507
2
1
1
1
1
1
2
260
80
69
44
1
0
2
0
1
1
1
44
27
6
142
14
59
77
10
114
198
14
37
112
14
66
50
146
15
86
123
11
82
138
54
50
6
123
53
148
46
10
111
127
14
60
68
103
13
45
466
956
1
1
176
440
1
1
2
1
1
0
1
1
0
100
69
83
372
1
2
1
0
1
1
0
43
29
1
1
19
147
1506
0
2
1
0
174
30
88
1
1
0
1
1
1
1
1
1
103
63
64
22
38
1
0
1
103
20
82
15
86
16
18
51
128
14
102
4
124
16
176
70
13
115
105
14
68
40
122
61
61
123
54
69
123
63
599
1
1
66
28
0
1
59
18
16
106
13
108
131
58
135
522
2
0
1
110
21
20
1
57
50
123
53
70
123
53
95
98
10
112
127
14
132
2205
29
85
125
14
106
126
59
15
80
10
113
127
14
116
115
14
108
122
53
108
86
55
66
124
54
68
124
10
113
126
15
105
125
14
108
124
13
27
3
126
59
95
91
10
111
126
13
107
126
13
109
170
14
61
126
57
65
122
55
109
82
55
67
124
12
602
1
2
0
1
107
24
18
61
11
466
46
1
65
23
1
1
63
18
44
55
66
126
56
64
159
58
33
120
11
113
61
12
57
123
53
70
126
55
65
124
10
136
0
64
43
123
53
69
124
52
70
124
10
112
126
13
109
124
12
108
145
15
11
75
122
56
66
123
53
70
124
53
69
124
10
114
64
11
139
54
59
59
111
53
69
127
13
107
125
13
108
63
12
93
123
53
15
102
14
107
127
15
104
86
13
109
123
53
70
123
52
72
789
1
1
1
111
67
33
1
1
0
66
66
115
710
1
0
78
32
1
1
1
0
59
68
22
12
13
101
13
109
765
1
1
1
1
0
94
71
23
1
16
670
1
1
1
0
32
23
235
676
1
63
29
1
1
1
1
1
100
65
23
11
15
112
1
15
109
123
13
107
127
56
65
123
54
67
124
53
69
124
10
112
126
13
109
125
12
108
127
15
60
54
116
59
90
95
55
649
1
1
0
72
23
1
1
62
19
106
13
80
126
13
108
124
52
70
126
56
64
124
53
17
114
14
82
123
55
67
126
56
66
123
56
792
1
2
0
1
73
63
68
1
1
0
60
22
17
137
14
37
58543
72426
23960
37150
10366
1141
84218
10833
46141
279
43413
3992
208638
22445
9989
48787
2250
3758
0
494
1020
444
16081
1
2036
120859
3680
282
1
133
63
1
118
48
28
33
221
1
134
51
179
1
40
45
133
27
75
126
27
85
126
28
83
231
121
238
1
45
49
2
34
36
74
24
93
121
25
91
434
34
49
1
2
133
149
2
43
38
132
30
36
106
30
86
124
29
84
123
27
87
122
26
89
121
30
86
122
26
198
321
2
1
1
153
55
2
39
86
64
25
91
123
27
87
121
26
91
121
25
95
445
801
2
1
1
1
1
1
2
180
72
2
1
1
54
45
46
22
96
121
27
90
213
47
11
84
26
92
121
26
91
128
42
73
114
27
90
121
27
87
125
27
87
122
27
88
122
27
88
18
100
17
102
17
103
18
101
18
98
16
103
16
102
18
101
19
100
16
102
17
102
16
102
16
102
17
101
15
103
16
103
16
102
16
103
16
248
1
23
19
49
16
102
16
106
17
101
20
98
16
102
17
102
16
102
16
103
16
104
17
100
17
101
17
102
17
101
17
102
17
102
16
103
16
101
17
101
16
103
15
280
24
40
16
27
15
56
16
104
16
102
16
152
20
50
15
104
16
105
19
89
8
110
8
112
8
110
9
109
8
111
9
110
9
114
224
22
0
16
61
27
15
105
59
58
15
105
62
55
15
105
15
103
16
103
15
103
15
104
14
104
18
101
15
103
15
104
14
106
24
93
14
104
77
45
117
12
362
1
1
24
72
121
13
104
120
14
103
120
12
106
288
1018
1
68
1935
2
0
1
1
1
1
1
1
1
90
995
1
2
1
2
1
1
1
2
1
67
45
1
0
1
1
1
1
1
2
0
45
41
1
1
1
0
1
29
24
1
13
1250
57074
437
26662
26008
335
72151
336
18499
1531
4744
135131
77812
101
74
72
67
58
66
67
69
74
95
1270
48409
7733
1854
1
11270
253
20257
22981
29
5080
1108
1477
1
3268
544
87
21383
1603
1497
1133
18727
182
4652
351
17704
1283
3335
1529
44843
631
13693
9989
9004
449
31850
4431
3663
271
4773
29064
50391
26582
15401
42382
330
7133
2
429
160
1
768
39344
434
55850
74199
24367
627
8185
143489
42894
147
96
1942
24306
561
10046
12570
31509
50274
943
1
40834
92771
24867
782
19606
40114
107439
31591
167250
49551
42645
240
33266
13252
705
16900
1
668
178
548
540
2193
241229
335
9163
563
58552
32327
2720
2981
74
566
53
2695
1
6105
32586
28990
282
142215
1840
22573
0
1
414
345
32696
8033
10694
43446
6338
333
50939
16081
4871
17415
515
341480
1
6660
1
2
0
0
42530
28241
24280
31704
71224
63933
4706
273
95677
14130
22832
20460
1
1
0
35115
69
116
16889
41813
24649
54744
56612
19065
64184
13016
25272
69437
41325
3799
39861
674
74526
3857
8003
1575
12255
91
448
29
2701
148
99367
1755
3635
1
1
28
485
960
2
113
186
27052
5558
9367
48113
717
64690
83227
114828
5898
145269
62182
59396
1
1525
1242
111194
4960
79318
52665
81451
60731
70688
26461
1278
37631
10701
71140
2
98207
1
41540
44817
70786
11916
31171
47640
11697
167263
41452
7482
13377
72985
8429
431
13232
38321
5189
1
22939
39474
15606
60816
14002
1
351
121
173
0
762
49810
345
48470
465
34525
5898
28458
153407
2
247
291
1
525
67507
140032
41083
327
0
162
394
55751
46145
342
1
203
14035
443
1086
1088
520
108564
22003
14279
4755
40069
15699
5012
1878
14107
23173
32564
32515
52705
2
237
212
110
1185
171
1
76206
82014
565
43878
59667
1
2
0
337
0
15489
120831
42610
69580
4786
858
48543
14608
50617
34258
19016
104470
64025
7601
62630
44318
31757
13
393
582
1
344
24908
103201
118919
14103
47883
55451
6226
37979
68869
325
71989
597
17806
6751
14083
73053
3936
36220
73517
12602
1080
36333
15038
129
111
107
23961
266
213
1
129
5119
51970
136111
66826
3983
216
2
110
41
24
35
106
23
181
42
99
30
124
114
35
115
21
35
261
30
32
109
24
29
117
28
240
2
126
42
1012
136
305
2
2
1
1
1
1
1
1
2
154
132
135
131
306
2
1
2
1
1
1
86
69
1
3
43
40
164
32
31
609
2
0
128
64
2
1
1
1
61
45
141
31
1026
84
2
1
1
1
1
4
1
85
172
2
61
35
26
261
2
42
40
824
1
48
61
2
1
2
1
60
48
2
34
116
216
34
35
46
56
62
171
45
49
149
34
35
166
47
48
242
2
41
41
177
36
34
158
46
48
474
1
1
2
64
48
113
30
179
45
22
68
155
33
37
173
47
48
158
36
34
142
43
51
339
1
1
37
1677
1
1
1
1
1
58
1455
485
1
1
1
1
1
0
1
1
1
201
475
1321
1
1
1
1
1
1
1
1
1
186
118
100
93
1489
1
1
2
1
1
0
1
1
1
130
102
93
95
1574
1
1
1
1
1
1
1
1
1
128
103
96
95
1287
1
1
1
1
1
1
1
0
1
176
103
96
98
175
1
1
1
1
1
1
1
1
0
75
67
0
1
1
1
1
1
1
1
1
69
56
1
0
1
1
1
1
1
1
1
67
56
1
1
1
0
1
1
1
1
1
68
45
1
23
31
125
951
52
25
194
42
20
121
324
29
92
120
23
49
159
30
115
1
28
915
35
1292
52757
758
43224
4883
2
376
180
1
728
13468
37713
20933
83131
225277
1548
163389
2988
13520
403
1
213
1
86427
86199
1
1134
62
0
170
23690
57867
175666
32897
118149
33595
1
116653
289
7553
82455
93642
332
37129
8014
18253
633
43648
32655
89487
369
87198
19364
571
23494
11290
9989
1693
20991
1
0
324
294
13494
28117
6202
426
9326
31402
71359
53488
20571
15610
15255
222
1
219
1
305323
14408
347
9207
549
56085
3062
18493
1
1
1
28672
42688
177
17024
57255
62886
276
31225
52353
26785
7431
1511
19777
185
51185
47108
23123
24280
580
8
17340
155
403
1
2091
360
177
201
174
238
30576
41490
16003
32125
1403
397
74669
11746
342
96830
1
11399
354
3167
3743
113588
1006
3798
2980
10209
192
1243
14120
41771
10770
38437
2199
2
21437
244
94946
1020
1
29342
56093
1485
234
194
707
98
6503
50579
31520
9561
2783
9546
11447
232
6476
154924
78234
355
31171
28811
28853
42172
116
10057
14534
28833
24363
27083
809
2887
321
11330
129021
1714
17086
103528
23087
4517
20872
88959
151
4066
9223
54264
1965
13911
4452
8052
512
73275
32207
58466
1
6931
1984
10473
18540
69904
100252
2636
451
20563
32104
36000
7998
1
32894
49
49484
25624
229
504
937
2680
1426
466
15525
61500
91837
40861
1
20000
36262
28069
14884
226
83660
22021
47620
189
26166
10104
655
6566
118
42758
19
220
1
43061
0
1
192
1
20
1324
323
9151
542
42471
477
25629
11947
38179
25060
41750
49881
34327
142354
41919
99549
318
16525
28799
2
436
177
700
132
24710
119430
47756
108
14492
13869
72734
85522
515
27262
152309
5907
19417
48114
49200
328
0
28074
213
7021
41411
30870
15174
2
24651
274
149067
21149
17
354
180
711
230
6447
878
1550
35791
155
2
165021
7152
40363
2
286
185
1
771
26131
25566
91685
61978
2
719
46769
71494
47987
127012
12438
21620
18161
26753
170
8278
55974
1252
1328
25681
196
208
1
289
1097
39109
349
63643
259
14352
267
1
189
1
141
10470
26279
10587
579
7736
241
66759
2
30044
55399
1
238
298
1
611
6337
179
263
1
10037
51876
224
26025
88
143
1
3262
15035
13900
149
1190
256
128
431
1
298
1
31092
10725
1
54000
191
22614
2618
8377
365
207
1
16039
6986
14105
175
11022
13717
165
8245
13614
152
7092
14889
22786
113
58772
39319
357
5497
7906
497
1
153
19189
646
308
106
635
261
6180
17377
1
1
8122
25610
106
27055
2244
157
37850
8700
60
36251
2698
12484
23064
9855
1
384
191
0
739
39298
20369
58301
9649
21221
7566
420
3
1
116
47
261
128
27
65
101
105
444
87
107
33
103
114
399
129
28
60
120
25
486
1682
1
2
161
49
1332
1
1
3
1
1
1
1
1
2
267
141
136
42
66
1
1
2
1
1
156
301
45
24
76
146
34
451
297
101
24
91
75
84
28
501
40
2
102
49
244
91
1161
1
1
1
1
159
61
1
1
93
63
18
480
211
2
86
34
18
510
46
84
28
613
90
26
45
82
26
206
41
436
225
2
82
32
19
467
104
24
100
106
87
446
97
87
11795
2
1
222
55
1
1
2
1
0
87
101
29
113
1
87
46
2
86
27
209
91
32
126
94
32
130
85
25
432
150
2
1
1
1
160
35
31
2
90
28
273
1
93
29
138
21
100
132
30
109
32
242
2
100
29
90
18
68
92
19
107
171
32
71
107
23
100
160
76
36
36
103
105
22
92
107
20
99
158
29
96
126
29
168
9
1
90
71
99
20
83
130
24
113
106
82
50
157
30
98
115
28
66
32
104
22
210
1
93
32
139
21
99
272
2
96
135
1
93
64
92
18
82
145
96
45
82
64
38
167
23
95
103
96
77
68
21
163
173
26
1
67
23
172
23
107
82
19
108
175
39
162
84
16
19
110
97
21
170
74
25
143
77
28
160
19
59
71
247
1
77
23
108
118
23
84
16
109
84
20
160
81
18
111
159
0
221
24
19
77
15
1661
2
0
1
1
1
1
219
86
30
116
1
0
2
1
0
1
1
1
124
78
71
21
29
1
1
0
77
23
129
18
118
146
23
110
37
78
15
87
141
17
109
121
23
85
241
60
1
77
22
71
14
989
0
1
1
142
132
1
1
1
1
1
71
74
25
24
1
70
41
167
23
106
82
18
110
1
130
101
60
124
20
196
101
1
20
85
83
19
337
124
76
72
110
119
21
86
14
127
137
16
62
153
45
27
172
1
29
109
134
23
109
124
75
111
79
63
21
49
12
107
136
16
25
173
74
28
144
72
25
125
23
107
66
254
1
78
23
84
122
19
92
73
32
1
166
23
105
81
19
107
156
1
230
83
82
1
21
65
104
34
94
134
22
109
83
18
110
244
200
1
1
122
28
15
16
134
22
106
137
1
83
28
137
75
115
77
63
20
170
120
27
126
17
19
162
23
105
83
20
108
150
72
25
31
242
605
1
1
1
1
78
77
30
1
65
22
85
25
107
131
23
105
115
23
80
32
83
19
86
168
26
112
76
14
113
102
57
80
15
106
117
16
105
121
15
859
1
1
0
1
1
1
134
77
23
68
1
0
74
25
15
148
105
16
47
164
17
59
160
66
22
228
867
189
32
28
173
18
86
88
66
21
435
1
1
124
27
15
18
287
1
82
23
197
16
16
113
14
121
159
1
68
244
1
74
20
148
187
50
1
16
111
148
19
15
180
19
71
123
20
87
120
181
86
1
57
28
13
163
122
14
97
142
63
25
1
22
84
173
75
98
61
16
44
35
139
131
13
113
163
15
17
157
64
21
151
61
30
131
16
47
167
1
21
94
79
12
135
95
58
100
29
59
85
145
27
76
110
17
51
180
81
14
14
166
19
651
1
1
1
0
116
21
72
1
1
68
24
184
15
87
138
67
24
380
1
1
68
48
753
1
1
1
0
1
92
68
19
21
1
61
23
484
1
1
1
109
21
72
174
1
19
33
172
42
75
102
12
100
177
21
47
138
61
93
39
99
70
13
123
98
15
381
3
2
85
53
0
62
19
180
62
23
149
19
62
96
197
1
64
51
64
58
127
138
22
115
68
12
187
163
1
62
78
46
28
167
131
18
20
51
91
139
19
70
184
17
98
81
12
96
185
146
35
2
59
55
156
65
21
141
19
87
149
15
124
130
16
111
129
14
126
56
97
17
64
60
88
28
15
134
70
16
95
103
75
59
33
166
133
21
19
10
146
114
14
111
129
19
75
176
19
48
157
37
58
16
109
112
19
100
56
170
139
19
68
175
14
72
90
16
123
115
13
181
150
65
16
106
58
64
143
15
77
206
27
18
86
71
20
164
121
33
47
108
19
137
15
217
1
63
70
97
13
963
0
1
1
1
117
21
22
2
1
1
95
21
16
102
56
71
312
271
135
1
1
1
0
63
64
21
12
84
75
16
164
22
51
43
135
78
31
59
79
148
111
20
82
122
79
158
16
68
158
16
70
149
38
97
120
13
76
122
60
722
0
1
1
0
1
1
110
24
17
77
13
112
98
35
122
122
13
98
352
1
0
68
20
166
15
396
144
17
56
140
122
32
84
73
25
157
56
67
126
27
67
124
16
114
106
16
140
136
28
68
121
108
19
131
57
69
1
19
78
163
15
60
11
135
59
87
221
1
66
45
128
15
147
110
59
65
120
58
220
1
63
19
137
37
105
101
12
82
152
16
68
158
15
151
105
63
15
111
120
37
67
32
110
110
13
96
120
17
140
66
16
190
61
106
15
53
71
76
18
151
18
70
126
14
144
106
16
94
135
17
209
1
62
88
123
120
34
86
96
20
67
15
138
102
16
93
163
1
134
29
54
138
14
173
71
13
140
77
14
689
2
1
0
1
105
22
18
1
67
65
140
135
17
79
70
50
137
59
29
165
18
297
1
1
104
25
11
87
141
105
23
800
0
1
1
1
0
143
72
37
0
18
56
542
1
1
0
32
151
816
1
71
78
1
1
0
1
1
0
1
1
64
178
74
1
1
21
102
166
1
62
19
95
13
138
122
16
59
90
75
106
16
121
120
26
30
17
158
74
16
146
180
93
1
61
32
20
9
141
137
20
68
125
60
67
140
57
100
72
111
18
120
32
140
130
14
46
220
14
14
102
14
149
121
57
67
109
122
25
102
120
31
108
33
76
107
16
142
1
63
70
149
57
46
25
111
88
125
17
107
119
25
82
103
19
115
17
143
103
16
106
164
14
93
119
14
88
143
122
20
68
95
21
159
59
30
153
16
75
107
129
1
57
20
107
13
97
124
12
104
133
59
31
158
60
60
65
26
104
80
13
147
136
31
68
141
99
454
1
1
0
1
110
59
14
53
95
14
107
123
17
72
161
61
707
1
1
1
1
116
26
1
57
19
70
104
114
60
27
125
60
684
33
1
1
1
0
102
21
17
62
12
62
71
575
1
0
1
1
114
63
19
19
10
69
672
77
1
1
1
0
57
70
20
70
42
742
16
27
1
1
1
0
1
101
62
19
77
40
702
57
26
1
1
1
1
0
104
22
17
59
12
69
41
428
0
1
69
23
11
813
1
1
72
95
0
1
1
1
106
24
71
351
108
17
92
754
1
1
0
1
70
63
23
1
56
21
69
42
116
58
68
154
59
712
38
0
1
1
1
106
21
19
0
58
74
40
68
12
137
93
59
793
2
1
0
1
1
133
23
75
1
0
67
374
1315
1
1
0
1
103
29
1743
1
1
1
0
1
1
1
1
0
158
76
64
61
595
2
1
1
1
0
1
1
1
0
75
67
75
41
1
0
1
1
0
1
1
1
0
46
36
0
1
1
1
0
28
22
123
1345
1
1
0
1
138
68
83
1
0
1
1
1
0
1
1
84
25
61
13
103
1305
1
1
0
1
122
65
34
1
1
1
0
1
1
0
80
211
1
2
22
98
565
1
1
0
1
31
163
726
1
0
1
1
1
1
1
117
65
63
26
1
1
15
701
94
1
1
0
1
1
0
114
66
20
18
9
64
677
1
1
0
1
1
110
64
32
1
16
100
674
1
1
1
0
67
64
21
11
50
716
1
1
1
0
86
67
24
1
56
781
1
1
1
1
0
1
74
65
21
216
1
0
67
18
99
756
2
1
1
153
41
1
1
70
26
25
98
65
56
124
57
69
101
16
107
125
17
49
56
123
14
106
126
13
107
126
63
22
608
1
1
1
2
91
75
26
797
1
106
37
2
1
1
1
1
1
133
82
94
1
68
138
569
74
2
2
2
143
32
1
64
90
1
66
32
16
872
120
56
66
123
54
69
127
62
63
1
21
1166
120
64
59
21
9
597
125
13
107
126
12
108
124
53
69
124
61
63
123
57
66
123
14
109
128
18
100
125
13
106
128
14
105
126
65
66
114
58
307
207
1
1
81
158
1
77
25
79
18
98
196
21
76
77
65
57
752
0
1
1
1
120
26
21
0
60
18
106
16
105
125
16
104
124
58
66
35
87
123
13
107
129
16
104
123
58
65
124
57
72
1
18
102
125
13
108
124
55
67
123
59
66
123
57
66
123
13
110
125
15
104
126
12
108
126
13
29
124
53
69
126
14
106
126
17
106
126
18
42
124
66
56
125
65
52
124
53
69
27
9
116
126
56
64
127
63
60
1
15
111
125
13
107
124
53
69
124
52
74
0
15
112
125
14
106
127
67
55
123
61
63
1
21
106
126
17
103
124
56
67
123
57
234
1
0
81
24
17
84
122
61
65
124
62
120
63
60
69
119
17
103
125
16
105
123
15
106
125
13
107
123
53
69
123
60
63
124
52
70
54
72
121
55
68
123
52
70
124
58
67
43
13
112
125
16
105
123
62
60
101
54
72
123
59
64
124
10
112
128
16
103
126
16
105
105
16
109
30
90
124
13
107
126
14
106
124
58
67
123
59
64
125
61
103
81
16
47
80
82
15
107
70
16
64
124
57
65
123
13
109
126
15
104
125
14
107
323
15
105
123
59
66
123
57
64
39344
2073
1496
205
22
19
168
21
40
149
20
63
118
60
63
116
64
78
93
17
102
132
19
87
189
18
33
172
19
64
391
93
34
2
1
83
27
58
60
103
78
62
54
203
19
22
185
22
69
75
17
100
118
14
102
119
56
62
119
59
59
119
11
107
123
15
99
122
13
103
119
53
65
122
58
57
119
60
58
122
14
103
120
15
100
121
14
102
119
53
65
122
56
60
119
14
105
121
14
100
123
13
102
121
13
102
120
53
65
122
56
59
119
15
105
120
14
101
122
14
102
119
58
60
119
54
64
122
56
59
119
14
570
1
1
1
124
24
20
0
58
19
117
53
65
122
19
97
119
14
102
123
15
100
121
14
102
120
54
63
119
53
65
119
15
104
120
13
103
321
24
28
2
93
122
30
61
148
29
64
1202
1
50
155
1
1
1
1
2
0
1
1
1
226
89
86
31
151
1
1
1
1
117
72
29
2
21
79
301
1
26
25
84
2
134
18
79
122
18
553
1
1
1
161
36
1
65
94
18
20
97
64
81
90
57
82
100
64
121
50
12
104
121
13
103
123
17
99
118
57
62
119
56
64
119
14
100
121
14
102
122
13
102
124
17
98
119
57
61
120
56
63
119
15
100
121
13
103
121
13
103
120
55
62
119
60
58
119
51
67
123
15
100
121
13
103
121
13
103
119
52
66
119
59
59
119
10
108
122
14
101
121
14
102
121
13
103
122
55
60
120
60
60
117
10
107
123
13
102
121
14
102
121
61
58
120
63
54
109
16
100596
28995
6923
732
5048
35094
26351
207
1
204
1
1138
615
271
1
6480
13918
1540
11709
18307
56362
47012
28992
27297
16377
27990
136
7172
156044
1
3
0
1
10537
12008
21529
68832
101179
803
2
258
230
0
696
8996
7161
28759
5820
59947
12654
18646
35697
41591
101890
492
14319
4585
177251
10637
4068
52327
91219
406
158
0
35913
178
38094
153
52264
160
2360
301
206
1
4413
16799
19117
1
917
501
12661
7693
148
530
146
19505
180
65110
120854
30050
673
40505
136836
243
16
2059
99709
3558
45237
116921
10775
55576
354
9311
564
58545
18694
2
14054
73822
345
30418
15852
32527
20391
202
151
1
421
2
99944
846
17127
11493
3356
7058
27698
691
10260
42125
36945
497
52
49634
90395
4831
5041
1480
1583
9433
124642
129
71505
85
18718
2013
21122
1321
1248
2184
9455
60803
1682
40401
327
70421
44841
367
4775
57290
25665
2160
21894
600
676
55532
68783
31939
79072
8753
1368
5735
61881
72292
143
51970
48475
79384
27254
49525
58674
4101
201333
39116
54429
80654
138
63396
13309
870
1310
6100
71279
305
12938
50997
13354
294
76740
385
343
12532
456
37769
26282
18177
9584
134319
24982
3772
6433
97467
33680
285
22865
38859
51845
248
103746
646
1659
38661
14723
1
353
1
248
1
759
69236
111004
80698
168
1413
61781
12223
7256
20512
657
1
0
1
0
1
0
1
0
2
1208
1
1
1
0
390
1
2
1
1
0
1
0
1
0
504
1
1
0
1
1
315
530
268
26263
163
74278
24937
1
78462
58001
63790
28028
1
14877
11275
71338
265
1
72628
8609
1519
69
178
31
143
368
46
1181
429
1
26153
67917
426
18
268
121
449
1
1
1
0
213
2
0
0
0
1
0
130
0
62
25051
59795
1265
6815
147396
168
11245
284
95840
3829
1
630
73
90618
110339
4708
10256
46574
15785
29100
19023
100728
1536
53846
48893
71641
21958
129
5281
6968
2253
13331
32997
86350
12442
54421
1292
48722
1897
1562
833
1903
820
1994
893
1862
32754
2474
14158
15582
12233
21752
24382
979
1568
2323
306
1346
1074
1928
1194
1356
539
1996
140
1662
2033
145
2092
0
94190
12474
116
2111
0
81749
17916
2388
1570
856
4734
911
2035
864
2368
12143
2365
65411
4989
128998
54574
630
5196
307
15273
4795
189
170
1
193
1
0
210
0
1
1
0
1
708
0
363
129
25397
132
37207
647
4068
1
326
200
1
760
14327
1
431
96
1
770
9694
33174
3
7042
2839
13166
19626
140005
15962
3002
91277
49054
2997
56175
53406
36208
27008
578
60558
92712
14223
4241
29469
254
26578
26459
78688
3660
129
23
30
272
1
94
33
21
101
237
1
100
30
92
19
153
58
86
28
141
93
34
68
77
52
187
26
24
102
19
98
170
33
994
2
120
59
1
1
1
1
1
1
0
154
102
35
1
1
30
521
2
1
1
42
31
121
72
38
36
98
105
23
98
122
29
44
156
29
92
1587
2
1
1
1
1
1
0
1
173
104
95
30
182
1
1
1
1
1
1
1
154
93
87
39
0
1
1
35
29
162
22
25
131
28
430
1168
1
1
1
1
1
1
1
1
154
94
94
29
52
1
1
1
1
1
1
1
147
105
56
1
1
30
237
1
29
27
102
23
99
164
94
14
125
29
91
111
23
100
120
31
99
102
35
71
171
36
108
66
105
23
98
126
29
67
115
24
102
132
30
101
105
122
30
206
1
91
35
175
23
24
828
81
1
1
1
1
1
1
153
97
30
34
1
1
88
29
28
14
168
106
30
137
44
23
104
139
121
31
99
95
19
99
107
25
92
116
23
84
156
29
92
114
99
24
99
106
23
88
156
29
71
121
24
99
133
29
187
1
94
681
2
1
0
1
1
171
38
2
23
105
5
94
19
153
1
89
29
149
22
98
137
91
35
104
22
98
236
38
84
25
52
78
83
123
94
276
2
1
99
32
51
17
774
1
1
1
79
22
22
1
1
61
19
61
12
395
1060
2
1
224
1254
1
1
1
0
1
1
0
1
0
194
69
79
37
1
1
0
1
1
1
0
37
423
57302
399
47
354
174
1080
1
5601
6128
19401
69073
21576
5630
21262
57792
785
23413
12304
931
10380
266
1
176
0
1
114
0
1
106
0
95
0
1
99
0
1
72
44
194
1
1
184
1
312
571
443
276
107683
10854
52653
1609
30803
486
1
153
118581
546
8325
156
5446
49789
66281
1
45014
509
1
55768
129
22204
18458
56539
235
192
1139
1
129
1
38
34
106
1
27
32
6
100
24
343
45
1029
1676
1
17985
31994
319
231
37
257
26
848
1249
2045
0
1
1
13957
23144
1
0
1
40
71
49672
464
55413
2
15600
1157
3535
1990
30899
113233
37129
286
14843
2
1
238
37423
20652
38
34513
10508
73345
169
41795
359
29945
23641
4067
1
3757
615
15764
18537
101167
501
4121
2
3701
25064
295
2280
24472
53443
2639
19596
598
26135
175
154
150
1240
1
141
1
1
0
118
44
1
33
74
41
27
288
49
630
161
39
227
1629
1
36349
325
256
333
31
167
23
151
22
1295
2000
1
0
72
1
0
1
1
43814
29
285
12
212
48
689
19911
17546
40284
759
40102
132321
1092
1
53711
329
180
1
1
37071
7837
16773
8082
47973
132051
24220
451
45989
62276
298
9598
621
58042
13892
54565
160
891
1463
13432
67800
1525
154
1
114
198
371
40
1150
1604
1
63930
97468
28009
21719
111
179905
1954
83086
36508
66652
15774
62631
204
6050
689
30232
605
105148
1
51065
248
87356
64604
48431
32069
57048
15
15815
2083
1592
46380
33762
2
15667
28007
81942
74539
34762
1064
66492
501
42564
73457
29186
40014
678
37845
132328
2
359
183
1
782
2717
10579
42055
107504
122023
63
93
4511
26739
5360
15626
17077
44490
22577
108933
10359
72724
17044
30500
11496
88827
89754
39478
