desc: I1 cache:         4096 B, 64 B, 64-way associative
desc: D1 cache:         4096 B, 64 B, 4-way associative
desc: LL cache:         8388608 B, 64 B, direct-mapped
cmd: ./multiply 500
events: Ir I1mr ILmr Dr D1mr DLmr Dw D1mw DLmw 
fl=/build/eglibc-oGUzwX/eglibc-2.19/csu/../csu/init-first.c
fn=_init
52 8 1 1 0 0 0 4 0 0
58 4 1 1 1 1 0 1 1 1
65 5 1 1 4 3 0 0 0 0
70 1 0 0 0 0 0 1 1 1
71 1 0 0 0 0 0 1 0 0
72 2 0 0 1 1 0 1 1 1
86 4 0 0 0 0 0 1 0 0
94 1 0 0 0 0 0 1 0 0
99 6 0 0 5 0 0 0 0 0
fl=/build/eglibc-oGUzwX/eglibc-2.19/csu/../sysdeps/generic/dl-hash.h
fn=_init
43 1 0 0 0 0 0 0 0 0
44 1 0 0 0 0 0 0 0 0
45 13 0 0 4 1 0 0 0 0
48 12 0 0 0 0 0 0 0 0
49 8 0 0 0 0 0 0 0 0
62 8 0 0 0 0 0 0 0 0
67 1 1 1 0 0 0 0 0 0
fl=/build/eglibc-oGUzwX/eglibc-2.19/csu/../sysdeps/unix/sysv/linux/x86_64/init-first.c
fn=_init
38 7 1 1 0 0 0 4 0 0
40 4 0 0 0 0 0 1 0 0
41 2 0 0 0 0 0 0 0 0
42 2 1 1 0 0 0 0 0 0
43 2 1 1 1 1 0 0 0 0
44 1 0 0 0 0 0 1 1 0
46 3 0 0 0 0 0 1 0 0
50 3 0 0 0 0 0 0 0 0
51 2 0 0 1 0 0 0 0 0
52 1 0 0 0 0 0 1 0 0
fl=/build/eglibc-oGUzwX/eglibc-2.19/csu/../sysdeps/x86_64/multiarch/init-arch.c
fn=__init_cpu_features
31 7 1 1 0 0 0 4 0 0
37 3 0 0 0 0 0 0 0 0
38 3 0 0 0 0 0 0 0 0
39 2 0 0 0 0 0 0 0 0
45 1 0 0 0 0 0 1 0 0
54 3 1 1 0 0 0 1 0 0
57 6 0 0 0 0 0 0 0 0
59 3 0 0 0 0 0 0 0 0
65 3 0 0 0 0 0 0 0 0
66 2 1 1 0 0 0 0 0 0
71 2 0 0 0 0 0 0 0 0
74 12 1 1 0 0 0 0 0 0
101 2 1 1 0 0 0 0 0 0
123 1 0 0 1 1 1 0 0 0
127 1 1 1 0 0 0 0 0 0
152 2 1 1 1 0 0 0 0 0
153 7 0 0 0 0 0 4 0 0
160 3 0 0 1 0 0 0 0 0
164 2 0 0 0 0 0 0 0 0
166 3 1 1 0 0 0 0 0 0
170 2 1 1 0 0 0 0 0 0
171 1 0 0 1 0 0 0 0 0
173 2 0 0 0 0 0 0 0 0
176 2 0 0 1 0 0 0 0 0
184 6 1 1 0 0 0 0 0 0
185 5 0 0 0 0 0 0 0 0
186 2 0 0 0 0 0 0 0 0
189 1 0 0 0 0 0 1 0 0
190 1 0 0 0 0 0 1 0 0
192 1 0 0 0 0 0 1 0 0
193 2 0 0 2 0 0 0 0 0
fl=/build/eglibc-oGUzwX/eglibc-2.19/csu/libc-start.c
fn=(below main)
133 10 1 1 0 0 0 8 0 0
137 7 2 2 1 0 0 1 0 0
219 2 0 0 0 0 0 0 0 0
220 4 0 0 0 0 0 1 0 0
242 6 0 0 2 0 0 0 0 0
245 2 0 0 0 0 0 0 0 0
246 5 1 1 4 1 0 1 0 0
250 4 0 0 2 1 0 0 0 0
265 2 0 0 0 0 0 0 0 0
274 2 0 0 0 0 0 1 0 0
275 2 1 1 0 0 0 0 0 0
280 2 0 0 1 1 0 1 0 0
281 2 0 0 1 1 0 1 0 0
284 2 0 0 0 0 0 1 0 0
287 6 0 0 5 0 0 1 0 0
321 2 1 0 0 0 0 1 0 0
fl=/build/eglibc-oGUzwX/eglibc-2.19/ctype/ctype-info.c
fn=__ctype_init
31 7 2 2 5 4 0 1 1 0
33 4 0 0 2 1 0 1 0 0
35 5 1 1 3 0 0 1 0 0
fl=/build/eglibc-oGUzwX/eglibc-2.19/elf/../elf/dl-runtime.c
fn=_dl_fixup
66 55 14 6 0 0 0 33 0 0
68 11 0 0 11 0 0 0 0 0
69 22 0 0 22 19 2 0 0 0
72 55 0 0 22 20 4 0 0 0
73 77 0 0 22 11 3 11 4 2
74 33 7 3 22 7 2 0 0 0
79 22 0 0 0 0 0 0 0 0
83 22 0 0 11 10 5 0 0 0
85 2 0 0 0 0 0 0 0 0
87 33 0 0 11 9 3 0 0 0
91 20 0 0 20 19 3 0 0 0
92 40 6 3 10 5 1 0 0 0
94 40 0 0 10 6 3 0 0 0
100 11 0 0 0 0 0 0 0 0
101 33 1 0 11 5 2 0 0 0
108 22 0 0 11 6 2 11 0 0
111 110 3 2 22 7 3 33 1 0
115 33 0 0 11 11 0 0 0 0
119 44 7 3 11 2 0 11 0 0
125 66 0 0 22 2 0 0 0 0
133 11 0 0 11 0 0 0 0 0
141 44 0 0 11 0 0 0 0 0
145 33 0 0 11 7 1 0 0 0
149 55 0 0 44 3 0 0 0 0
fl=/build/eglibc-oGUzwX/eglibc-2.19/elf/../elf/dl-sysdep.c
fn=_dl_sysdep_start
86 8 1 1 0 0 0 7 1 1
87 2 0 0 0 0 0 0 0 0
88 1 0 0 0 0 0 0 0 0
110 1 0 0 0 0 0 1 0 0
111 207 1 1 67 10 9 4 3 3
114 2 0 0 0 0 0 1 0 0
115 1 0 0 0 0 0 1 1 1
117 90 4 4 23 4 4 10 0 0
118 111 0 0 21 3 3 0 0 0
121 1 0 0 1 0 0 0 0 0
122 1 0 0 0 0 0 0 0 0
124 1 0 0 1 0 0 0 0 0
125 1 0 0 0 0 0 0 0 0
127 1 1 1 1 0 0 0 0 0
128 1 0 0 0 0 0 0 0 0
130 1 0 0 1 0 0 0 0 0
131 1 0 0 0 0 0 0 0 0
151 1 1 1 1 0 0 0 0 0
152 1 0 0 0 0 0 0 0 0
154 1 0 0 1 0 0 0 0 0
155 1 0 0 0 0 0 0 0 0
157 1 1 1 1 0 0 0 0 0
158 1 0 0 0 0 0 0 0 0
163 1 0 0 1 0 0 0 0 0
164 1 0 0 0 0 0 0 0 0
179 1 0 0 1 0 0 0 0 0
180 1 0 0 0 0 0 0 0 0
232 3 1 1 0 0 0 2 0 0
234 5 0 0 0 0 0 1 0 0
246 3 1 1 1 0 0 0 0 0
249 6 0 0 2 0 0 1 0 0
250 1 1 0 1 0 0 0 0 0
251 8 0 0 7 1 0 0 0 0
fn=_dl_sysdep_start_cleanup
256 1 1 1 1 0 0 0 0 0
fl=/build/eglibc-oGUzwX/eglibc-2.19/elf/../misc/sbrk.c
fn=sbrk
34 4 1 1 0 0 0 2 0 0
42 6 0 0 2 0 0 0 0 0
46 2 1 1 0 0 0 0 0 0
57 5 0 0 3 0 0 0 0 0
fl=/build/eglibc-oGUzwX/eglibc-2.19/elf/../sysdeps/unix/sysv/linux/dl-osinfo.h
fn=security_init
61 2 0 0 0 0 0 0 0 0
84 2 1 1 1 1 1 1 0 0
86 1 1 1 1 0 0 0 0 0
93 1 0 0 1 0 0 0 0 0
101 2 0 0 0 0 0 0 0 0
112 1 0 0 1 0 0 0 0 0
fl=/build/eglibc-oGUzwX/eglibc-2.19/elf/../sysdeps/unix/sysv/linux/dl-sysdep.c
fn=_dl_discover_osversion
45 7 1 1 0 0 0 6 1 0
47 3 0 0 1 1 0 0 0 0
87 5 1 1 0 0 0 1 1 1
102 1 0 0 0 0 0 0 0 0
106 1 0 0 0 0 0 0 0 0
107 1 0 0 0 0 0 0 0 0
109 12 1 1 3 1 1 0 0 0
111 6 0 0 0 0 0 0 0 0
113 17 0 0 4 0 0 0 0 0
115 1 0 0 0 0 0 0 0 0
116 2 0 0 0 0 0 0 0 0
119 3 0 0 0 0 0 0 0 0
120 3 0 0 0 0 0 0 0 0
121 3 0 0 0 0 0 0 0 0
123 13 1 1 0 0 0 0 0 0
128 2 0 0 0 0 0 0 0 0
132 8 0 0 7 0 0 0 0 0
fn=_dl_sysdep_start
35 2 0 0 0 0 0 1 0 0
fl=/build/eglibc-oGUzwX/eglibc-2.19/elf/../sysdeps/unix/sysv/linux/dl-vdso.c
fn=_dl_vdso_vsym
26 5 0 0 0 0 0 0 0 0
27 10 3 1 10 5 0 0 0 0
28 10 3 1 5 0 0 0 0 0
31 10 0 0 0 0 0 0 0 0
fl=/build/eglibc-oGUzwX/eglibc-2.19/elf/../sysdeps/unix/sysv/linux/x86_64/brk.c
fn=brk
28 1 0 0 0 0 0 0 0 0
31 7 1 1 0 0 0 1 1 1
33 2 0 0 0 0 0 0 0 0
39 1 0 0 0 0 0 0 0 0
40 1 0 0 1 0 0 0 0 0
fl=/build/eglibc-oGUzwX/eglibc-2.19/elf/../sysdeps/x86_64/dl-irel.h
fn=_dl_fixup
32 3 1 1 0 0 0 1 0 0
fl=/build/eglibc-oGUzwX/eglibc-2.19/elf/../sysdeps/x86_64/dl-machine.h
fn=_dl_fixup
210 11 6 3 0 0 0 11 8 0
fn=_dl_relocate_object
71 16 0 0 4 0 0 0 0 0
77 6 2 1 6 3 0 0 0 0
81 9 2 1 3 3 2 0 0 0
87 3 0 0 0 0 0 3 0 0
95 9 0 0 3 0 0 0 0 0
108 6 0 0 0 0 0 3 0 0
111 12 1 1 3 3 0 0 0 0
244 208 0 0 0 0 0 0 0 0
265 208 3 1 0 0 0 0 0 0
269 208 0 0 0 0 0 0 0 0
276 4178 16 11 829 152 79 734 16 0
278 471 1 1 192 5 0 0 0 0
281 384 0 0 96 0 0 0 0 0
287 728 0 0 104 89 3 0 0 0
320 2 1 1 0 0 0 0 0 0
321 3 0 0 1 0 0 1 0 0
382 30 1 1 10 0 0 0 0 0
386 50 1 1 10 1 0 0 0 0
391 50 0 0 20 1 1 10 8 8
410 279 2 1 93 50 11 93 45 6
422 18 0 0 0 0 0 6 1 0
487 3591 0 0 1197 301 300 0 0 0
492 2394 0 0 0 0 0 0 0 0
493 3591 0 0 1197 149 149 1197 230 227
503 41 0 0 23 0 0 0 0 0
507 36 0 0 0 0 0 0 0 0
509 54 0 0 18 2 0 0 0 0
510 18 0 0 18 4 1 0 0 0
527 10 0 0 10 1 1 0 0 0
529 5 0 0 0 0 0 5 0 0
530 5 0 0 0 0 0 5 0 0
fn=_dl_start
58 3 0 0 1 1 1 0 0 0
241 9 1 1 0 0 0 0 0 0
269 18 0 0 0 0 0 0 0 0
278 36 0 0 18 2 2 0 0 0
281 36 0 0 9 5 5 0 0 0
287 55 0 0 9 2 2 0 0 0
391 9 1 1 9 1 1 0 0 0
400 9 0 0 0 0 0 9 2 2
492 20 0 0 10 1 1 0 0 0
493 30 0 0 10 1 1 10 2 2
fn=_dl_sysdep_start
200 5 0 0 2 1 1 0 0 0
fl=/build/eglibc-oGUzwX/eglibc-2.19/elf/../sysdeps/x86_64/dl-trampoline.S
fn=_dl_runtime_resolve
34 11 7 3 0 0 0 0 0 0
36 11 0 0 0 0 0 11 2 1
37 11 0 0 0 0 0 11 0 0
38 11 0 0 0 0 0 11 0 0
39 11 0 0 0 0 0 11 0 0
40 11 0 0 0 0 0 11 0 0
41 11 3 2 0 0 0 11 0 0
42 11 0 0 0 0 0 11 0 0
43 11 0 0 11 0 0 0 0 0
44 11 0 0 11 0 0 0 0 0
45 11 0 0 0 0 0 11 0 0
46 11 0 0 0 0 0 0 0 0
47 11 0 0 11 3 0 0 0 0
48 11 0 0 11 0 0 0 0 0
49 11 0 0 11 0 0 0 0 0
50 11 0 0 11 0 0 0 0 0
51 11 0 0 11 0 0 0 0 0
52 11 0 0 11 0 0 0 0 0
53 11 0 0 11 0 0 0 0 0
54 11 0 0 0 0 0 0 0 0
56 11 7 3 0 0 0 0 0 0
fl=/build/eglibc-oGUzwX/eglibc-2.19/elf/dl-addr.c
fn=_dl_addr
30 2 0 0 1 0 0 1 1 0
31 2 0 0 1 0 0 1 0 0
34 2 0 0 1 1 0 0 0 0
38 1 0 0 1 0 0 0 0 0
39 1 0 0 1 0 0 0 0 0
40 3 1 1 2 0 0 1 0 0
42 2 0 0 2 1 0 0 0 0
45 2 0 0 1 1 0 0 0 0
50 2029 0 0 2 1 0 0 0 0
52 1011 1 1 1011 64 21 0 0 0
53 2022 0 0 0 0 0 0 0 0
55 4930 0 0 905 0 0 0 0 0
61 11075 0 0 2215 477 430 0 0 0
63 8860 1 1 2215 0 0 0 0 0
64 16270 0 0 5089 354 320 0 0 0
69 2215 0 0 0 0 0 0 0 0
71 7656 1 1 2215 139 80 0 0 0
99 3 0 0 1 1 0 0 0 0
100 1 0 0 0 0 0 1 1 0
101 3 1 1 1 0 0 0 0 0
104 2 0 0 0 0 0 0 0 0
116 1 1 1 0 0 0 1 1 0
117 1 0 0 0 0 0 1 0 0
126 11 1 1 0 0 0 8 0 0
131 3 1 1 2 2 0 1 0 0
133 2 0 0 0 0 0 1 0 0
135 2 0 0 0 0 0 0 0 0
138 2 1 1 0 0 0 0 0 0
141 3 0 0 2 2 0 1 0 0
144 9 1 1 7 0 0 0 0 0
fl=/build/eglibc-oGUzwX/eglibc-2.19/elf/dl-altinit.c
fn=dlinit_alt
33 3 0 0 2 1 0 0 0 0
34 1 0 0 1 0 0 0 0 0
fl=/build/eglibc-oGUzwX/eglibc-2.19/elf/dl-cache.c
fn=_dl_cache_libcmp
138 33 1 1 22 9 9 0 0 0
139 142 0 0 0 0 0 0 0 0
141 201 0 0 0 0 0 0 0 0
143 75 0 0 0 0 0 0 0 0
149 12 1 1 0 0 0 0 0 0
150 8 0 0 0 0 0 0 0 0
151 16 0 0 4 0 0 0 0 0
153 20 1 1 4 0 0 0 0 0
155 8 0 0 0 0 0 0 0 0
161 126 1 1 0 0 0 0 0 0
163 238 0 0 112 0 0 0 0 0
164 7 0 0 0 0 0 0 0 0
167 56 0 0 0 0 0 0 0 0
168 56 0 0 0 0 0 0 0 0
171 8 0 0 0 0 0 0 0 0
172 22 0 0 11 0 0 0 0 0
fn=_dl_load_cache_lookup
182 8 1 1 0 0 0 6 0 0
190 2 0 0 1 0 0 0 0 0
193 3 0 0 1 1 0 0 0 0
196 5 1 1 0 0 0 1 0 0
204 5 0 0 1 0 0 0 0 0
205 6 1 1 0 0 0 1 0 0
209 1 0 0 0 0 0 1 0 0
212 4 0 0 1 0 0 0 0 0
215 2 0 0 0 0 0 1 0 0
216 3 0 0 0 0 0 0 0 0
217 5 1 1 0 0 0 1 0 0
219 2 0 0 0 0 0 0 0 0
244 3 1 1 1 0 0 0 0 0
253 5 0 0 2 0 0 1 0 0
259 4 0 0 0 0 0 2 0 0
263 7 1 1 2 1 0 2 0 0
264 6 0 0 3 0 0 0 0 0
278 249 9 9 35 9 9 12 0 0
294 2 1 1 1 0 0 0 0 0
299 9 0 0 7 0 0 0 0 0
fn=_dl_unload_cache
308 1 0 0 0 0 0 0 0 0
309 4 1 1 1 1 0 0 0 0
311 2 0 0 1 1 0 1 0 0
312 1 0 0 0 0 0 1 0 0
314 2 0 0 1 0 0 0 0 0
fl=/build/eglibc-oGUzwX/eglibc-2.19/elf/dl-debug.c
fn=_dl_debug_initialize
50 8 4 1 0 0 0 0 0 0
51 4 4 1 4 2 0 0 0 0
55 14 0 0 4 1 0 0 0 0
58 1 0 0 0 0 0 1 0 0
59 2 0 0 0 0 0 1 0 0
60 6 0 0 2 0 0 1 0 0
61 2 0 0 0 0 0 1 0 0
fn=_dl_debug_state
74 2 0 0 2 0 0 0 0 0
fl=/build/eglibc-oGUzwX/eglibc-2.19/elf/dl-deps.c
fn=_dl_map_object_deps
147 11 2 2 0 0 0 9 1 0
148 9 0 0 0 0 0 1 1 0
160 6 0 0 0 0 0 2 0 0
161 2 1 1 0 0 0 2 0 0
162 10 0 0 0 0 0 3 0 0
164 1 0 0 0 0 0 0 0 0
168 8 1 1 2 0 0 2 0 0
178 8 0 0 1 0 0 0 0 0
179 1 0 0 1 0 0 0 0 0
182 3 0 0 0 0 0 2 0 0
188 1 0 0 0 0 0 1 0 0
189 1 0 0 0 0 0 1 0 0
201 2 1 1 1 0 0 1 0 0
202 1 0 0 0 0 0 0 0 0
203 1 0 0 0 0 0 1 1 0
204 2 1 1 0 0 0 2 0 0
209 4 1 0 0 0 0 0 0 0
210 4 0 0 0 0 0 0 0 0
213 4 2 1 0 0 0 4 0 0
217 16 1 1 8 6 0 0 0 0
218 17 2 1 7 0 0 0 0 0
220 2 0 0 0 0 0 0 0 0
222 6 0 0 4 1 0 0 0 0
224 26 1 1 2 0 0 4 0 0
229 16 0 0 8 6 0 0 0 0
231 6 0 0 4 1 0 2 0 0
236 2 0 0 0 0 0 2 0 0
237 2 0 0 0 0 0 2 0 0
238 4 0 0 2 0 0 2 0 0
239 4 0 0 2 0 0 2 0 0
242 214 2 1 56 11 0 2 0 0
243 100 1 1 0 0 0 0 0 0
249 14 0 0 4 1 0 2 1 0
251 2 0 0 0 0 0 2 0 0
254 12 1 1 8 0 0 2 0 0
256 6 1 0 2 0 0 0 0 0
271 2 0 0 2 0 0 0 0 0
273 4 0 0 2 0 0 0 0 0
278 6 1 1 0 0 0 0 0 0
281 2 0 0 0 0 0 2 0 0
282 2 0 0 0 0 0 2 0 0
283 2 0 0 0 0 0 2 0 0
284 4 0 0 2 1 0 2 2 0
286 8 1 1 2 0 0 2 0 0
288 10 0 0 2 0 0 4 0 0
292 4 1 0 0 0 0 0 0 0
293 3 0 0 0 0 0 1 0 0
295 144 2 2 0 0 0 0 0 0
343 9 0 0 0 0 0 4 0 0
471 8 0 0 0 0 0 0 0 0
473 6 0 0 0 0 0 2 0 0
475 4 0 0 0 0 0 2 1 0
476 4 1 1 0 0 0 0 0 0
477 4 0 0 0 0 0 0 0 0
480 2 0 0 0 0 0 2 1 0
481 12 0 0 0 0 0 2 0 0
482 10 0 0 0 0 0 2 0 0
485 2 0 0 0 0 0 2 0 0
486 2 0 0 2 1 0 0 0 0
490 16 1 1 8 0 0 0 0 0
492 4 1 1 4 0 0 0 0 0
493 17 0 0 3 0 0 0 0 0
497 6 0 0 2 1 0 0 0 0
498 2 0 0 1 0 0 1 0 0
501 5 1 1 2 1 0 1 0 0
511 2 1 1 0 0 0 1 0 0
512 3 0 0 1 0 0 0 0 0
514 2 0 0 0 0 0 0 0 0
519 7 0 0 2 0 0 1 1 0
520 4 0 0 1 0 0 1 0 0
522 23 1 1 9 2 0 1 0 0
528 12 0 0 4 0 0 4 1 1
532 8 0 0 8 0 0 0 0 0
535 2 0 0 1 1 0 0 0 0
586 6 1 1 3 0 0 1 0 0
587 1 1 1 0 0 0 1 0 0
588 3 0 0 1 0 0 0 0 0
623 7 1 1 1 0 0 2 0 0
625 3 0 0 0 0 0 0 0 0
629 16 1 1 6 0 0 3 0 0
630 8 2 2 0 0 0 2 0 0
631 3 0 0 1 0 0 1 0 0
635 3 0 0 3 0 0 0 0 0
636 6 0 0 3 0 0 0 0 0
642 17 0 0 3 0 0 0 0 0
644 12 0 0 6 0 0 0 0 0
645 8 0 0 0 0 0 0 0 0
647 9 0 0 3 0 0 0 0 0
648 6 0 0 0 0 0 0 0 0
658 2 2 2 2 0 0 0 0 0
670 3 1 1 0 0 0 0 0 0
673 9 0 0 3 0 0 0 0 0
676 35 1 0 9 0 0 9 0 0
683 2 0 0 1 0 0 1 0 0
685 2 0 0 1 0 0 1 0 0
686 1 0 0 1 0 0 0 0 0
687 3 0 0 1 0 0 0 0 0
694 3 0 0 1 0 0 0 0 0
697 2 0 0 0 0 0 0 0 0
700 8 0 0 7 1 0 0 0 0
fn=openaux
60 4 2 1 0 0 0 2 0 0
63 20 1 0 8 1 0 4 1 0
64 4 1 1 2 0 0 0 0 0
67 2 0 0 2 0 0 0 0 0
68 4 0 0 4 0 0 0 0 0
fl=/build/eglibc-oGUzwX/eglibc-2.19/elf/dl-environ.c
fn=_dl_next_ld_env_entry
30 3 1 1 3 0 0 0 0 0
31 1 0 0 0 0 0 0 0 0
33 200 0 0 66 1 0 0 0 0
35 130 0 0 65 32 32 0 0 0
36 20 1 1 9 0 0 0 0 0
38 2 0 0 0 0 0 0 0 0
41 4 0 0 0 0 0 2 0 0
43 2 0 0 2 0 0 0 0 0
46 63 0 0 0 0 0 0 0 0
50 1 0 0 1 0 0 0 0 0
fl=/build/eglibc-oGUzwX/eglibc-2.19/elf/dl-error.c
fn=_dl_catch_error
163 12 3 1 0 0 0 9 0 0
175 6 0 0 0 0 0 6 4 3
176 6 0 0 0 0 0 6 1 0
177 6 3 1 0 0 0 6 0 0
178 6 0 0 0 0 0 3 0 0
180 6 0 0 3 2 0 6 3 2
181 6 0 0 3 1 0 3 0 0
182 6 0 0 0 0 0 3 0 0
185 18 0 0 0 0 0 3 0 0
187 9 1 1 6 0 0 3 0 0
188 9 2 0 6 2 0 3 2 0
189 6 0 0 3 0 0 3 0 0
190 6 0 0 3 0 0 3 1 0
191 6 0 0 3 0 0 3 1 0
199 12 0 0 6 1 0 0 0 0
fn=_dl_receive_error
205 10 1 1 0 0 0 6 0 0
206 2 0 0 1 1 0 1 0 0
210 1 0 0 1 0 0 0 0 0
211 1 0 0 1 1 0 0 0 0
214 1 0 0 0 0 0 1 0 0
215 1 1 1 0 0 0 1 0 0
217 2 0 0 0 0 0 1 0 0
219 1 0 0 0 0 0 1 1 0
220 1 0 0 0 0 0 1 1 0
221 8 0 0 7 1 0 0 0 0
fl=/build/eglibc-oGUzwX/eglibc-2.19/elf/dl-fini.c
fn=_dl_fini
131 8 2 2 0 0 0 6 0 0
143 1 0 0 0 0 0 0 0 0
144 1 0 0 0 0 0 1 0 0
150 1 0 0 0 0 0 1 0 0
153 12 1 1 2 1 1 2 0 0
156 2 0 0 1 1 1 1 0 0
159 2 1 1 2 1 1 0 0 0
162 2 0 0 0 0 0 0 0 0
164 6 0 0 3 1 0 0 0 0
171 2 0 0 1 0 0 0 0 0
175 4 0 0 1 0 0 0 0 0
177 2 0 0 1 0 0 0 0 0
180 9 1 1 0 0 0 1 0 0
183 2 0 0 0 0 0 1 0 0
191 12 0 0 4 0 0 0 0 0
193 8 0 0 4 1 0 0 0 0
195 8 1 1 4 0 0 0 0 0
197 12 0 0 4 0 0 4 0 0
198 4 0 0 0 0 0 4 3 2
199 4 0 0 4 0 0 0 0 0
203 4 0 0 4 0 0 0 0 0
205 2 0 0 1 0 0 0 0 0
210 6 1 1 2 0 0 1 0 0
219 2 0 0 1 0 0 1 0 0
223 13 0 0 5 0 0 0 0 0
225 4 0 0 4 0 0 0 0 0
227 12 0 0 4 1 0 0 0 0
230 8 0 0 0 0 0 4 0 0
233 12 1 1 4 4 2 0 0 0
234 4 1 1 2 2 2 0 0 0
237 4 0 0 2 0 0 0 0 0
244 4 0 0 0 0 0 0 0 0
248 4 0 0 4 3 1 0 0 0
249 2 0 0 2 0 0 0 0 0
250 4 0 0 2 0 0 0 0 0
251 12 0 0 0 0 0 0 0 0
252 4 1 1 2 2 1 2 0 0
256 6 0 0 2 2 2 0 0 0
257 6 0 0 4 2 1 2 0 0
262 24 0 0 8 2 1 0 0 0
278 8 1 1 4 0 0 0 0 0
283 6 0 0 2 0 0 0 0 0
289 2 2 2 1 0 0 0 0 0
296 8 0 0 7 0 0 0 0 0
fn=_dl_sort_fini
32 13 2 2 0 0 0 10 0 0
34 2 0 0 0 0 0 0 0 0
39 4 0 0 0 0 0 1 0 0
40 6 0 0 0 0 0 1 0 0
41 3 0 0 1 0 0 1 0 0
45 9 0 0 3 0 0 3 0 0
46 9 0 0 3 0 0 0 0 0
50 15 1 1 6 0 0 0 0 0
56 14 1 1 4 0 0 1 0 0
57 14 0 0 0 0 0 0 0 0
59 12 0 0 6 1 1 0 0 0
60 8 0 0 0 0 0 0 0 0
62 9 0 0 3 1 1 0 0 0
63 6 0 0 0 0 0 0 0 0
93 9 1 1 3 0 0 0 0 0
114 3 0 0 0 0 0 0 0 0
118 16 0 0 3 0 0 0 0 0
121 27 1 1 11 0 0 6 0 0
125 8 0 0 7 0 0 0 0 0
fl=/build/eglibc-oGUzwX/eglibc-2.19/elf/dl-hwcaps.c
fn=_dl_important_hwcaps
39 12 2 2 0 0 0 10 2 2
41 1 0 0 1 1 0 0 0 0
42 4 0 0 0 0 0 1 0 0
51 3 0 0 1 0 0 0 0 0
61 4 2 2 1 0 0 1 0 0
92 2 1 1 0 0 0 0 0 0
113 1 1 1 0 0 0 0 0 0
115 5 0 0 0 0 0 1 0 0
130 6 1 1 0 0 0 0 0 0
131 2 0 0 0 0 0 0 0 0
133 2 0 0 0 0 0 0 0 0
145 2 1 1 0 0 0 0 0 0
162 2 1 1 0 0 0 0 0 0
170 2 1 1 1 0 0 0 0 0
172 4 1 1 1 0 0 1 0 0
173 4 0 0 1 0 0 1 0 0
177 3 0 0 0 0 0 1 0 0
178 1 0 0 0 0 0 1 0 0
181 2 0 0 0 0 0 0 0 0
184 2 1 1 0 0 0 0 0 0
188 12 0 0 2 0 0 3 0 0
189 2 0 0 0 0 0 0 0 0
207 12 2 2 1 0 0 6 1 0
208 5 0 0 0 0 0 1 1 1
209 4 0 0 2 0 0 0 0 0
238 3 1 1 0 0 0 2 1 0
241 2 0 0 0 0 0 0 0 0
243 5 2 2 2 0 0 2 0 0
244 7 0 0 2 0 0 4 0 0
269 19 1 1 3 0 0 0 0 0
270 8 1 1 0 0 0 4 0 0
274 12 0 0 0 0 0 0 0 0
277 28 1 1 0 0 0 0 0 0
278 24 0 0 0 0 0 0 0 0
279 12 0 0 8 0 0 0 0 0
281 4 1 1 0 0 0 0 0 0
284 3 0 0 1 0 0 0 0 0
285 1 0 0 0 0 0 0 0 0
286 12 2 2 3 0 0 0 0 0
299 6 0 0 2 0 0 2 0 0
300 2 0 0 0 0 0 0 0 0
302 4 0 0 0 0 0 0 0 0
305 3 0 0 2 0 0 1 0 0
307 1 0 0 0 0 0 0 0 0
308 8 0 0 7 0 0 0 0 0
fl=/build/eglibc-oGUzwX/eglibc-2.19/elf/dl-init.c
fn=_dl_init
36 26 1 1 5 1 0 4 0 0
86 11 1 1 0 0 0 6 0 0
87 1 0 0 1 1 0 0 0 0
88 1 0 0 1 0 0 0 0 0
91 3 0 0 1 0 0 0 0 0
94 2 0 0 0 0 0 1 0 0
98 4 1 1 1 1 0 0 0 0
125 15 0 0 0 0 0 0 0 0
126 12 0 0 8 2 0 0 0 0
132 8 0 0 7 1 0 0 0 0
fn=call_init.part.0
34 36 1 0 0 0 0 20 1 0
42 12 1 1 4 0 0 4 0 0
45 16 0 0 8 7 0 0 0 0
46 3 1 1 0 0 0 0 0 0
50 9 0 0 3 3 0 0 0 0
51 2 0 0 1 1 0 0 0 0
55 4 0 0 2 0 0 0 0 0
63 4 0 0 0 0 0 0 0 0
64 12 1 1 4 2 0 2 0 0
67 2 0 0 2 2 0 0 0 0
68 4 0 0 0 0 0 0 0 0
74 6 0 0 4 1 0 0 0 0
76 4 0 0 4 0 0 0 0 0
77 16 0 0 0 0 0 0 0 0
78 15 1 1 3 2 0 3 0 0
80 24 0 0 24 0 0 0 0 0
fl=/build/eglibc-oGUzwX/eglibc-2.19/elf/dl-load.c
fn=_dl_init_paths
714 9 1 1 0 0 0 6 0 0
727 6 1 1 2 0 0 2 1 0
731 1 0 0 0 0 0 1 0 0
732 3 0 0 0 0 0 1 0 0
733 2 0 0 0 0 0 0 0 0
740 5 0 0 0 0 0 0 0 0
741 5 1 1 1 0 0 2 0 0
744 1 0 0 0 0 0 1 0 0
745 2 0 0 0 0 0 1 0 0
747 3 0 0 1 0 0 0 0 0
753 1 0 0 0 0 0 1 0 0
754 1 0 0 0 0 0 1 1 0
762 13 0 0 0 0 0 3 1 1
764 8 1 1 0 0 0 4 0 0
765 7 0 0 0 0 0 4 3 3
767 8 1 1 0 0 0 4 0 0
768 14 1 1 3 1 1 4 1 1
769 33 0 0 4 0 0 13 0 0
772 9 0 0 3 1 1 0 0 0
776 27 1 1 15 0 0 5 0 0
782 1 0 0 0 0 0 1 1 1
783 1 0 0 0 0 0 1 0 0
787 1 1 1 1 1 0 0 0 0
788 2 0 0 0 0 0 0 0 0
790 4 0 0 1 0 0 0 0 0
792 3 1 1 1 0 0 0 0 0
809 1 0 0 0 0 0 1 0 0
811 3 1 1 1 0 0 0 0 0
825 2 1 1 0 0 0 1 0 0
830 4 1 1 1 1 0 0 0 0
838 5 0 0 0 0 0 1 0 0
840 11 1 1 0 0 0 2 0 0
856 2 0 0 0 0 0 0 0 0
857 46 0 0 15 0 0 0 0 0
859 14 0 0 0 0 0 0 0 0
860 42 0 0 0 0 0 0 0 0
861 14 1 1 0 0 0 0 0 0
864 1 0 0 0 0 0 1 0 0
865 1 0 0 0 0 0 1 0 0
866 2 0 0 0 0 0 0 0 0
872 8 1 1 1 0 0 2 0 0
876 3 0 0 2 0 0 0 0 0
882 1 0 0 0 0 0 1 0 0
886 8 0 0 7 0 0 0 0 0
fn=_dl_map_object
161 4 0 0 0 0 0 2 0 0
162 2 0 0 0 0 0 1 0 0
164 3 1 1 1 0 0 0 0 0
167 4 0 0 1 0 0 1 0 0
691 9 1 1 3 1 0 0 0 0
2317 30 3 1 0 0 0 24 8 3
2324 6 0 0 0 0 0 0 0 0
2325 6 0 0 3 3 1 0 0 0
2328 45 3 1 9 0 0 0 0 0
2333 21 0 0 7 3 0 0 0 0
2334 14 0 0 0 0 0 0 0 0
2336 36 1 1 0 0 0 7 1 0
2340 12 0 0 6 0 0 0 0 0
2341 18 3 1 6 6 0 0 0 0
2344 2 0 0 2 2 0 0 0 0
2345 4 0 0 4 3 0 0 0 0
2346 8 0 0 0 0 0 2 0 0
2362 4 0 0 2 1 0 0 0 0
2372 12 2 1 2 0 0 2 0 0
2396 2 0 0 0 0 0 2 1 1
2398 10 0 0 0 0 0 2 0 0
2402 4 1 1 0 0 0 2 0 0
2404 2 0 0 1 0 0 0 0 0
2411 4 1 1 1 1 0 0 0 0
2415 2 1 1 1 0 0 1 0 0
2416 3 0 0 0 0 0 1 0 0
2420 3 0 0 1 0 0 0 0 0
2421 1 0 0 0 0 0 0 0 0
2423 11 1 1 0 0 0 4 0 0
2435 4 2 2 3 0 0 0 0 0
2436 7 2 2 2 0 0 0 0 0
2437 1 0 0 0 0 0 0 0 0
2446 2 0 0 1 0 0 0 0 0
2447 18 1 1 2 0 0 4 0 0
2453 6 1 1 0 0 0 2 0 0
2454 1 0 0 0 0 0 0 0 0
2456 2 1 1 1 0 0 1 0 0
2462 4 0 0 0 0 0 1 0 0
2464 3 0 0 1 0 0 0 0 0
2468 3 0 0 0 0 0 2 1 0
2470 2 1 1 0 0 0 0 0 0
2474 3 0 0 1 0 0 0 0 0
2482 2 0 0 1 1 0 0 0 0
2504 9 1 1 2 0 0 1 0 0
2507 3 0 0 0 0 0 1 0 0
2509 1 0 0 0 0 0 1 0 0
2510 3 0 0 1 0 0 0 0 0
2530 2 2 2 1 0 0 0 0 0
2536 1 0 0 0 0 0 1 0 0
2538 6 1 1 0 0 0 1 0 0
2539 3 0 0 0 0 0 0 0 0
2540 1 0 0 0 0 0 0 0 0
2543 7 0 0 0 0 0 1 0 0
2546 2 0 0 0 0 0 0 0 0
2558 8 3 1 2 0 0 0 0 0
2560 4 0 0 0 0 0 0 0 0
2604 4 2 1 2 0 0 2 0 0
2605 24 2 0 4 0 0 8 0 0
2607 24 2 0 21 4 0 0 0 0
fn=_dl_map_object_from_fd
474 2 1 1 1 0 0 0 0 0
923 30 4 2 0 0 0 20 1 1
934 8 0 0 2 0 0 4 1 1
935 2 0 0 0 0 0 2 0 0
938 12 0 0 0 0 0 2 0 0
949 29 2 1 9 3 0 0 0 0
950 26 2 1 14 6 2 0 0 0
967 4 2 1 2 0 0 0 0 0
992 4 2 1 2 0 0 0 0 0
1002 4 0 0 2 0 0 0 0 0
1024 8 0 0 4 0 0 0 0 0
1056 4 0 0 0 0 0 0 0 0
1059 16 2 1 8 0 0 2 0 0
1060 4 0 0 0 0 0 0 0 0
1071 6 0 0 4 1 0 2 2 2
1072 6 4 2 4 0 0 2 0 0
1073 4 0 0 2 0 0 2 0 0
1075 10 0 0 0 0 0 0 0 0
1076 8 0 0 4 0 0 0 0 0
1077 2 0 0 0 0 0 0 0 0
1092 2 0 0 0 0 0 2 0 0
1101 24 2 1 4 0 0 6 1 0
1102 2 0 0 0 0 0 0 0 0
1103 2 0 0 0 0 0 0 0 0
1109 142 4 2 0 0 0 0 0 0
1110 136 2 1 17 4 0 0 0 0
1116 4 0 0 2 0 0 2 0 0
1117 6 0 0 2 0 0 2 0 0
1118 2 0 0 0 0 0 0 0 0
1121 2 1 1 1 1 0 1 0 0
1122 1 1 0 0 0 0 0 0 0
1127 20 1 1 8 0 0 0 0 0
1133 24 0 0 8 0 0 0 0 0
1134 4 0 0 0 0 0 0 0 0
1141 20 0 0 4 0 0 0 0 0
1142 16 0 0 0 0 0 4 2 2
1143 12 2 1 4 0 0 0 0 0
1144 8 0 0 0 0 0 4 0 0
1145 4 0 0 0 0 0 4 0 0
1146 8 0 0 4 0 0 4 0 0
1147 8 2 1 0 0 0 4 0 0
1151 8 0 0 0 0 0 0 0 0
1152 6 0 0 2 0 0 0 0 0
1157 28 0 0 4 0 0 4 2 2
1167 4 0 0 0 0 0 0 0 0
1170 3 0 0 1 0 0 0 0 0
1174 1 0 0 0 0 0 1 1 1
1175 2 1 1 1 0 0 1 0 0
1176 2 0 0 0 0 0 0 0 0
1177 1 0 0 0 0 0 0 0 0
1179 3 0 0 1 0 0 1 1 1
1180 2 0 0 1 0 0 1 0 0
1183 2 0 0 1 0 0 1 0 0
1187 4 1 0 1 0 0 0 0 0
1193 3 0 0 1 0 0 2 1 1
1194 1 0 0 0 0 0 0 0 0
1198 8 0 0 2 0 0 2 0 0
1206 10 0 0 0 0 0 0 0 0
1250 4 2 1 2 0 0 2 0 0
1251 8 0 0 0 0 0 0 0 0
1254 4 1 1 2 0 0 2 0 0
1255 6 0 0 4 0 0 2 0 0
1256 2 0 0 0 0 0 0 0 0
1259 6 2 1 0 0 0 0 0 0
1272 16 0 0 10 0 0 2 0 0
1274 4 2 1 2 0 0 0 0 0
1288 2 0 0 2 2 0 0 0 0
1293 14 0 0 8 0 0 4 1 1
1297 4 2 1 0 0 0 0 0 0
1304 6 0 0 2 0 0 2 0 0
1305 6 0 0 4 0 0 2 0 0
1307 4 0 0 0 0 0 0 0 0
1313 12 0 0 2 0 0 2 0 0
1314 2 2 1 2 0 0 0 0 0
1317 2 0 0 2 0 0 0 0 0
1319 2 2 1 2 0 0 0 0 0
1340 20 2 1 4 0 0 0 0 0
1342 8 0 0 4 0 0 0 0 0
1344 20 0 0 8 0 0 2 0 0
1352 12 0 0 4 0 0 0 0 0
1353 6 0 0 4 0 0 2 0 0
1355 8 0 0 4 0 0 0 0 0
1356 5 1 1 3 0 0 0 0 0
1357 6 0 0 2 0 0 0 0 0
1358 5 1 1 1 0 0 0 0 0
1360 4 0 0 0 0 0 1 0 0
1363 16 0 0 8 0 0 0 0 0
1369 4 0 0 2 0 0 0 0 0
1370 2 0 0 0 0 0 0 0 0
1371 10 2 1 2 0 0 0 0 0
1372 4 0 0 0 0 0 0 0 0
1379 4 0 0 0 0 0 0 0 0
1382 4 0 0 0 0 0 0 0 0
1393 14 0 0 0 0 0 6 1 1
1394 10 0 0 6 0 0 0 0 0
1399 4 0 0 0 0 0 0 0 0
1403 8 2 0 1 0 0 1 0 0
1406 2 0 0 0 0 0 0 0 0
1414 4 2 1 0 0 0 0 0 0
1418 8 0 0 4 0 0 0 0 0
1427 6 0 0 2 0 0 2 0 0
1433 4 2 1 0 0 0 0 0 0
1449 6 0 0 2 0 0 0 0 0
1468 4 0 0 2 0 0 2 0 0
1470 10 2 1 4 2 0 0 0 0
1525 6 0 0 2 1 1 0 0 0
1526 2 0 0 1 0 0 1 0 0
1529 8 0 0 2 0 0 2 1 0
1537 14 3 2 2 0 0 0 0 0
1540 8 0 0 4 0 0 2 0 0
1542 4 0 0 2 1 0 0 0 0
1558 4 0 0 0 0 0 2 0 0
1562 4 0 0 2 0 0 0 0 0
1563 4 2 1 2 0 0 0 0 0
1580 4 0 0 2 0 0 0 0 0
1581 1 0 0 0 0 0 1 1 0
1584 4 0 0 2 0 0 2 1 0
1585 4 0 0 2 0 0 2 0 0
1589 4 2 1 2 1 0 0 0 0
1599 6 0 0 2 1 0 2 0 0
1603 8 0 0 2 2 0 0 0 0
1623 16 0 0 14 2 0 0 0 0
fn=expand_dynamic_string_token
161 6 0 0 0 0 0 2 0 0
162 4 0 0 0 0 0 2 0 0
164 4 0 0 0 0 0 0 0 0
167 8 0 0 0 0 0 0 0 0
415 16 2 1 0 0 0 10 0 0
425 10 2 1 0 0 0 2 0 0
440 10 0 0 10 0 0 0 0 0
fn=fillin_rpath
486 17 2 2 0 0 0 12 0 0
488 1 0 0 0 0 0 0 0 0
491 7 0 0 0 0 0 2 0 0
495 5 0 0 1 0 0 1 0 0
497 3 0 0 0 0 0 1 0 0
501 2 1 1 0 0 0 0 0 0
508 8 1 1 1 0 0 0 0 0
513 2 0 0 0 0 0 1 0 0
516 5 1 1 1 0 0 0 0 0
523 18 1 1 5 0 0 1 0 0
524 8 1 1 4 0 0 0 0 0
542 4 1 1 1 0 0 1 0 0
545 2 0 0 0 0 0 1 0 0
546 4 1 1 2 0 0 1 0 0
547 4 0 0 0 0 0 2 0 0
548 4 1 1 2 0 0 0 0 0
552 1 0 0 0 0 0 1 1 1
553 1 0 0 0 0 0 0 0 0
554 5 0 0 0 0 0 3 0 0
555 1 0 0 0 0 0 1 0 0
557 3 1 1 2 0 0 0 0 0
563 4 0 0 1 0 0 0 0 0
564 14 1 1 0 0 0 0 0 0
565 10 0 0 0 0 0 2 0 0
567 2 1 1 1 0 0 1 0 0
568 2 0 0 1 0 0 0 0 0
573 2 1 1 0 0 0 1 0 0
575 2 0 0 1 0 0 1 0 0
576 1 0 0 0 0 0 1 0 0
579 3 1 1 0 0 0 1 0 0
581 4 0 0 2 0 0 1 0 0
585 1 0 0 0 0 0 1 0 0
588 9 0 0 7 0 0 0 0 0
fn=open_path
2168 14 2 2 0 0 0 12 2 0
2169 2 0 0 1 0 0 1 0 0
2172 1 0 0 0 0 0 1 0 0
2173 1 0 0 0 0 0 1 0 0
2175 2 0 0 0 0 0 0 0 0
2180 8 1 1 2 2 0 0 0 0
2183 1 0 0 1 1 0 0 0 0
2187 2 0 0 0 0 0 0 0 0
2192 2 0 0 1 0 0 0 0 0
2199 5 0 0 2 1 0 2 0 0
2200 16 1 1 1 0 0 0 0 0
2203 8 1 1 4 0 0 0 0 0
2207 52 1 1 24 0 0 8 0 0
2210 4 0 0 0 0 0 0 0 0
2213 8 1 1 4 0 0 0 0 0
2216 28 0 0 16 0 0 4 0 0
2218 12 0 0 4 0 0 0 0 0
2220 8 0 0 0 0 0 0 0 0
2225 8 1 1 4 0 0 0 0 0
2226 36 0 0 16 0 0 0 0 0
2232 17 1 1 5 0 0 5 0 0
2234 24 0 0 4 0 0 4 0 0
2235 2 0 0 1 0 0 0 0 0
2237 21 1 1 4 0 0 4 0 0
2244 8 0 0 0 0 0 0 0 0
2254 2 1 1 0 0 0 1 0 0
2282 1 0 0 0 0 0 0 0 0
2285 5 0 0 1 0 0 0 0 0
2290 1 0 0 1 0 0 0 0 0
2292 4 1 1 3 0 0 0 0 0
2295 3 0 0 1 0 0 0 0 0
2309 11 2 2 7 0 0 0 0 0
fn=open_verify
1873 12 1 1 0 0 0 8 0 0
1909 3 0 0 1 0 0 0 0 0
1930 5 1 1 1 0 0 2 1 1
1931 2 0 0 0 0 0 0 0 0
1941 1 0 0 0 0 0 1 0 0
1942 2 0 0 0 0 0 1 0 0
1947 6 0 0 1 0 0 1 0 0
1949 2 0 0 0 0 0 0 0 0
1951 3 1 1 1 0 0 1 0 0
1953 2 0 0 0 0 0 0 0 0
1959 2 0 0 0 0 0 0 0 0
1975 11 1 1 0 0 0 1 0 0
1977 1 0 0 1 0 0 0 0 0
1979 4 0 0 0 0 0 1 0 0
2006 3 1 1 2 0 0 0 0 0
2050 2 0 0 1 0 0 0 0 0
2055 2 0 0 1 0 0 0 0 0
2058 4 1 1 1 0 0 0 0 0
2063 2 0 0 1 1 1 0 0 0
2070 5 0 0 1 0 0 0 0 0
2071 4 0 0 1 0 0 0 0 0
2072 1 0 0 0 0 0 0 0 0
2087 61 1 1 0 0 0 0 0 0
2089 19 1 1 9 5 5 0 0 0
2093 4 0 0 2 0 0 0 0 0
2094 2 0 0 0 0 0 0 0 0
2103 6 1 1 0 0 0 1 0 0
2106 1 0 0 0 0 0 0 0 0
2107 3 0 0 1 0 0 0 0 0
2108 3 0 0 1 0 0 0 0 0
2110 3 0 0 0 0 0 0 0 0
2154 8 0 0 7 0 0 0 0 0
fn=open_verify.constprop.6
1871 55 2 2 0 0 0 35 1 1
1909 15 0 0 5 0 0 0 0 0
1930 25 0 0 5 0 0 10 1 1
1931 10 0 0 0 0 0 0 0 0
1941 1 0 0 0 0 0 1 0 0
1942 2 1 1 0 0 0 1 1 0
1947 6 0 0 1 0 0 1 0 0
1949 2 0 0 0 0 0 0 0 0
1951 3 0 0 1 0 0 1 0 0
1953 2 0 0 0 0 0 0 0 0
1959 2 1 1 0 0 0 0 0 0
1975 11 0 0 0 0 0 1 0 0
1977 1 0 0 1 0 0 0 0 0
1979 4 1 1 0 0 0 1 0 0
2050 2 0 0 1 1 0 0 0 0
2055 2 0 0 1 0 0 0 0 0
2058 4 0 0 1 0 0 0 0 0
2063 2 0 0 1 0 0 0 0 0
2070 7 1 1 1 0 0 0 0 0
2071 4 0 0 1 0 0 0 0 0
2072 1 0 0 0 0 0 0 0 0
2087 45 1 1 0 0 0 0 0 0
2089 17 1 1 8 5 0 0 0 0
2093 4 0 0 2 0 0 0 0 0
2094 2 0 0 0 0 0 0 0 0
2103 12 1 1 0 0 0 2 0 0
2106 1 0 0 0 0 0 0 0 0
2107 3 0 0 1 0 0 0 0 0
2108 3 0 0 1 0 0 0 0 0
2110 3 0 0 0 0 0 0 0 0
2115 1 0 0 0 0 0 0 0 0
2116 1 0 0 0 0 0 0 0 0
2119 2 0 0 0 0 0 0 0 0
2122 3 0 0 1 0 0 0 0 0
2123 5 0 0 1 0 0 0 0 0
2124 2 1 1 1 0 0 0 0 0
2125 3 0 0 1 0 0 0 0 0
2126 6 0 0 2 0 0 0 0 0
2131 4 1 1 0 0 0 0 0 0
2154 40 1 0 35 0 0 0 0 0
fl=/build/eglibc-oGUzwX/eglibc-2.19/elf/dl-lookup.c
fn=_dl_lookup_symbol_x
475 202 0 0 0 0 0 0 0 0
476 5998 0 0 1449 105 85 101 0 0
477 5392 10 3 0 0 0 0 0 0
714 1414 20 6 0 0 0 808 15 2
716 202 0 0 0 0 0 101 2 0
717 202 10 3 0 0 0 202 3 1
720 101 0 0 101 51 1 0 0 0
724 384 0 0 91 0 0 0 0 0
728 202 10 3 0 0 0 101 6 0
729 202 0 0 101 0 0 0 0 0
731 202 0 0 202 26 2 0 0 0
735 840 10 3 8 0 0 202 0 0
737 1313 6 3 606 0 0 707 29 4
740 202 0 0 0 0 0 0 0 0
743 8 0 0 0 0 0 0 0 0
766 202 0 0 101 0 0 0 0 0
768 56 2 1 16 1 0 0 0 0
784 8 2 1 0 0 0 8 0 0
785 16 0 0 0 0 0 0 0 0
788 93 0 0 93 14 0 0 0 0
789 651 0 0 186 9 0 0 0 0
815 93 0 0 0 0 0 0 0 0
824 465 10 3 93 0 0 0 0 0
838 279 0 0 93 88 4 0 0 0
839 2 1 1 0 0 0 1 0 0
841 372 0 0 186 1 0 0 0 0
846 93 0 0 0 0 0 93 0 0
848 808 10 3 707 51 0 0 0 0
fn=_dl_setup_hash
859 12 4 1 4 0 0 0 0 0
863 4 0 0 4 0 0 0 0 0
867 8 4 1 4 4 4 4 3 1
868 4 0 0 4 0 0 0 0 0
869 4 0 0 4 1 1 0 0 0
871 12 0 0 0 0 0 0 0 0
872 4 0 0 0 0 0 4 0 0
873 12 0 0 4 0 0 4 0 0
875 4 0 0 0 0 0 4 0 0
876 8 0 0 0 0 0 0 0 0
878 4 4 1 0 0 0 4 0 0
879 4 0 0 0 0 0 0 0 0
880 16 0 0 0 0 0 4 0 0
881 4 0 0 4 0 0 0 0 0
fn=check_match.9481
131 651 11 3 0 0 0 372 1 1
132 186 0 0 93 35 8 0 0 0
134 372 0 0 186 12 11 0 0 0
136 279 0 0 93 0 0 0 0 0
146 279 11 3 93 0 0 93 39 3
149 330 0 0 165 0 0 24 8 2
153 186 0 0 186 0 0 0 0 0
154 279 0 0 93 0 0 0 0 0
156 182 0 0 0 0 0 0 0 0
175 182 9 3 182 45 6 0 0 0
176 728 0 0 273 42 3 0 0 0
177 455 9 3 182 2 1 91 0 0
204 4 2 0 0 0 0 0 0 0
206 12 0 0 4 2 1 0 0 0
207 8 0 0 2 0 0 0 0 0
222 651 11 3 465 0 0 0 0 0
fn=do_lookup_x
77 808 10 3 303 0 0 505 3 0
82 1212 10 3 202 0 0 707 17 5
83 101 0 0 101 3 0 0 0 0
89 101 0 0 101 0 0 0 0 0
95 320 10 3 0 0 0 320 0 0
96 320 0 0 0 0 0 320 0 0
98 960 0 0 640 113 9 320 0 0
101 640 0 0 0 0 0 0 0 0
105 640 0 0 320 0 0 0 0 0
109 640 10 3 320 90 6 0 0 0
113 640 0 0 320 17 1 0 0 0
119 960 0 0 320 82 5 0 0 0
123 640 0 0 640 353 6 0 0 0
124 960 0 0 640 0 0 320 0 0
225 320 0 0 320 0 0 0 0 0
226 640 10 3 0 0 0 0 0 0
228 320 0 0 320 277 37 0 0 0
229 202 0 0 0 0 0 0 0 0
230 640 0 0 320 0 0 0 0 0
232 404 0 0 0 0 0 0 0 0
233 1280 0 0 320 0 0 0 0 0
236 1280 0 0 0 0 0 0 0 0
237 960 0 0 0 0 0 0 0 0
239 196 0 0 196 87 45 0 0 0
240 392 11 3 0 0 0 0 0 0
241 196 0 0 0 0 0 0 0 0
243 294 11 3 98 0 0 0 0 0
246 965 0 0 193 100 60 0 0 0
248 744 11 3 186 0 0 186 0 0
249 744 0 0 0 0 0 465 31 0
250 465 0 0 279 0 0 0 0 0
253 300 0 0 0 0 0 0 0 0
257 227 0 0 0 0 0 227 0 0
281 454 10 3 227 0 0 0 0 0
286 692 8 1 93 0 0 0 0 0
290 225 3 2 13 11 0 93 0 0
303 186 10 3 93 0 0 93 7 0
304 186 0 0 93 0 0 93 0 0
305 93 0 0 0 0 0 0 0 0
461 1254 0 0 418 4 0 0 0 0
462 418 5 2 152 0 0 152 7 2
465 681 3 1 0 0 0 0 0 0
468 16 0 0 0 0 0 0 0 0
469 808 0 0 707 15 0 0 0 0
fl=/build/eglibc-oGUzwX/eglibc-2.19/elf/dl-minimal.c
fn=__libc_memalign
51 88 5 1 0 0 0 44 1 1
52 108 4 0 43 3 0 0 0 0
57 3 0 0 0 0 0 1 0 0
58 3 1 1 1 0 0 0 0 0
59 1 0 0 0 0 0 0 0 0
63 66 1 1 0 0 0 22 0 0
64 22 0 0 0 0 0 0 0 0
66 142 0 0 0 0 0 0 0 0
70 12 0 0 3 1 0 0 0 0
71 9 2 1 0 0 0 0 0 0
77 21 0 0 0 0 0 3 0 0
79 15 0 0 6 0 0 0 0 0
83 9 0 0 0 0 0 3 0 0
86 22 0 0 0 0 0 22 0 0
87 22 0 0 0 0 0 22 0 0
89 167 4 0 66 0 0 0 0 0
fn=calloc
102 8 4 1 0 0 0 0 0 0
106 8 0 0 0 0 0 0 0 0
109 40 0 0 0 0 0 0 0 0
113 8 0 0 0 0 0 0 0 0
fn=free
119 2 0 0 0 0 0 1 0 0
121 2 1 1 1 0 0 0 0 0
128 2 0 0 2 0 0 0 0 0
fn=malloc
93 21 5 1 0 0 0 0 0 0
94 42 0 0 0 0 0 0 0 0
fn=strsep
338 8 2 1 4 3 0 0 0 0
340 4 0 0 4 0 0 0 0 0
341 8 0 0 0 0 0 0 0 0
345 317 1 1 63 0 0 0 0 0
350 244 0 0 122 0 0 0 0 0
352 366 0 0 122 0 0 0 0 0
360 61 0 0 0 0 0 0 0 0
363 2 0 0 0 0 0 2 0 0
367 4 1 0 4 0 0 0 0 0
fl=/build/eglibc-oGUzwX/eglibc-2.19/elf/dl-misc.c
fn=_dl_name_match_p
288 260 11 3 0 0 0 104 1 0
289 208 0 0 52 4 0 52 2 2
290 55 0 0 0 0 0 0 0 0
292 52 0 0 52 3 0 0 0 0
294 210 0 0 0 0 0 0 0 0
295 280 11 3 56 24 3 56 0 0
298 53 0 0 53 0 0 0 0 0
300 49 0 0 0 0 0 0 0 0
301 260 0 0 156 0 0 0 0 0
fn=_dl_sysdep_read_whole_file
45 7 1 1 0 0 0 4 1 0
46 1 0 0 0 0 0 0 0 0
52 4 1 1 0 0 0 1 0 0
53 2 0 0 0 0 0 0 0 0
55 6 0 0 0 0 0 1 0 0
57 2 0 0 1 0 0 1 1 1
60 2 0 0 0 0 0 0 0 0
62 8 1 1 0 0 0 1 0 0
73 2 0 0 0 0 0 1 0 0
76 7 0 0 5 0 0 0 0 0
fl=/build/eglibc-oGUzwX/eglibc-2.19/elf/dl-object.c
fn=_dl_add_to_namespace_list
32 15 3 1 0 0 0 6 1 0
34 6 0 0 3 3 0 3 0 0
36 22 3 1 3 0 0 0 0 0
39 15 0 0 5 4 0 0 0 0
40 3 0 0 0 0 0 0 0 0
41 2 0 0 0 0 0 2 0 0
43 2 0 0 0 0 0 2 0 0
46 2 0 0 0 0 0 1 0 0
47 9 0 0 3 0 0 0 0 0
48 6 2 0 3 0 0 3 1 0
49 6 0 0 0 0 0 3 0 0
51 9 0 0 3 0 0 0 0 0
52 9 0 0 6 0 0 0 0 0
fn=_dl_new_object
61 42 6 2 0 0 0 30 1 1
62 15 0 0 0 0 0 3 0 0
68 36 3 1 6 1 0 0 0 0
75 15 0 0 0 0 0 6 0 0
78 6 0 0 0 0 0 0 0 0
81 3 0 0 0 0 0 3 2 2
82 6 3 1 0 0 0 3 3 3
86 6 0 0 0 0 0 3 2 2
87 15 0 0 6 0 0 6 1 1
89 3 3 1 0 0 0 3 0 0
97 15 0 0 6 0 0 3 0 0
98 18 0 0 6 3 3 3 0 0
101 6 0 0 3 0 0 0 0 0
102 7 3 1 0 0 0 3 3 3
103 3 3 1 0 0 0 3 0 0
107 3 0 0 0 0 0 3 0 0
110 43 0 0 0 0 0 0 0 0
112 32 0 0 0 0 0 16 5 5
122 6 0 0 0 0 0 3 0 0
123 3 3 1 0 0 0 3 3 3
126 3 0 0 0 0 0 0 0 0
128 18 0 0 3 0 0 0 0 0
130 6 0 0 0 0 0 2 1 1
133 7 0 0 0 0 0 0 0 0
137 6 2 0 2 2 0 0 0 0
141 15 2 0 2 0 0 0 0 0
143 1 1 1 0 0 0 0 0 0
149 1 0 0 0 0 0 1 1 1
152 6 0 0 0 0 0 3 1 1
155 15 3 1 6 0 0 0 0 0
157 10 0 0 2 0 0 4 0 0
161 10 0 0 0 0 0 0 0 0
165 6 2 1 0 0 0 2 0 0
166 8 0 0 0 0 0 0 0 0
211 8 2 1 4 0 0 2 0 0
216 82 0 0 0 0 0 0 0 0
217 88 0 0 42 0 0 0 0 0
222 4 0 0 0 0 0 2 0 0
225 4 0 0 0 0 0 2 0 0
229 24 1 1 21 0 0 0 0 0
fl=/build/eglibc-oGUzwX/eglibc-2.19/elf/dl-open.c
fn=_dl_find_dso_for_object
182 5 1 1 1 0 0 0 0 0
183 10 2 2 3 2 0 0 0 0
184 12 0 0 6 3 0 0 0 0
185 2 0 0 1 0 0 0 0 0
188 2 1 1 1 1 0 0 0 0
192 1 0 0 1 0 0 0 0 0
fl=/build/eglibc-oGUzwX/eglibc-2.19/elf/dl-reloc.c
fn=_dl_relocate_object
154 48 6 2 0 0 0 32 1 0
161 4 0 0 0 0 0 4 1 0
164 8 3 1 0 0 0 0 0 0
165 20 3 1 0 0 0 12 0 0
169 8 0 0 0 0 0 0 0 0
170 16 0 0 8 3 0 0 0 0
176 8 0 0 4 0 0 0 0 0
182 12 0 0 4 0 0 0 0 0
183 8 1 1 4 4 0 0 0 0
186 8 0 0 4 0 0 0 0 0
193 8 0 0 4 2 0 0 0 0
238 12 3 1 8 5 0 4 0 0
264 242 9 3 84 19 0 54 1 0
267 12 0 0 4 0 0 0 0 0
295 4 0 0 4 1 0 0 0 0
298 8 0 0 4 0 0 0 0 0
315 12 0 0 4 4 0 0 0 0
317 32 3 1 28 3 0 0 0 0
323 16 3 1 8 0 0 0 0 0
324 8 0 0 4 0 0 0 0 0
325 8 0 0 0 0 0 0 0 0
328 8 3 1 0 0 0 0 0 0
329 20 0 0 0 0 0 4 0 0
fl=/build/eglibc-oGUzwX/eglibc-2.19/elf/dl-tls.c
fn=__tls_get_addr
770 1 1 1 1 0 0 0 0 0
772 3 0 0 2 2 2 0 0 0
775 3 0 0 2 1 0 0 0 0
777 2 0 0 0 0 0 0 0 0
780 1 0 0 1 0 0 0 0 0
781 1 0 0 1 0 0 0 0 0
fn=_dl_add_to_slotinfo
831 4 1 1 0 0 0 3 0 0
837 2 1 1 1 0 0 0 0 0
840 1 0 0 1 1 0 0 0 0
845 5 0 0 1 1 0 0 0 0
886 1 0 0 0 0 0 1 0 0
887 3 1 1 1 1 0 1 0 0
888 4 0 0 4 0 0 0 0 0
fn=_dl_allocate_tls_init
376 8 1 1 0 0 0 7 0 0
377 2 0 0 0 0 0 0 0 0
381 3 0 0 2 1 0 1 0 0
383 1 0 0 0 0 0 0 0 0
384 1 0 0 0 0 0 0 0 0
389 3 0 0 1 0 0 1 0 0
394 12 1 1 2 1 0 0 0 0
400 9 0 0 0 0 0 0 0 0
403 1 1 1 1 0 0 0 0 0
404 2 0 0 0 0 0 0 0 0
410 3 0 0 1 0 0 0 0 0
412 2 0 0 0 0 0 0 0 0
413 2 0 0 1 1 0 0 0 0
422 2 1 1 1 0 0 0 0 0
423 4 0 0 2 1 0 0 0 0
425 2 0 0 0 0 0 0 0 0
426 2 1 1 1 0 0 0 0 0
434 4 0 0 1 0 0 1 1 0
435 1 0 0 0 0 0 1 0 0
436 11 0 0 4 0 0 2 0 0
450 2 1 1 1 0 0 1 0 0
452 1 0 0 1 0 0 0 0 0
453 8 1 1 7 0 0 0 0 0
fn=_dl_allocate_tls_storage
295 2 0 0 1 0 0 0 0 0
296 3 1 1 0 0 0 1 0 0
297 2 0 0 0 0 0 0 0 0
300 1 0 0 0 0 0 1 1 1
306 2 0 0 0 0 0 1 0 0
328 3 1 1 0 0 0 3 0 0
330 1 0 0 1 0 0 0 0 0
341 4 0 0 1 0 0 1 0 0
342 2 0 0 0 0 0 0 0 0
349 1 0 0 0 0 0 0 0 0
353 306 1 1 0 0 0 288 36 36
370 5 0 0 4 0 0 0 0 0
fn=_dl_determine_tlsoffset
112 7 1 1 0 0 0 6 0 0
113 2 1 1 0 0 0 0 0 0
114 1 0 0 0 0 0 0 0 0
115 1 0 0 0 0 0 0 0 0
118 3 1 1 1 0 0 0 0 0
121 2 0 0 1 0 0 0 0 0
123 1 0 0 0 0 0 0 0 0
155 1 0 0 0 0 0 0 0 0
157 10 0 0 2 0 0 0 0 0
159 3 0 0 1 0 0 0 0 0
161 3 0 0 1 1 0 0 0 0
162 2 1 1 1 0 0 0 0 0
164 2 0 0 0 0 0 0 0 0
166 5 0 0 1 0 0 0 0 0
168 2 1 1 0 0 0 0 0 0
182 9 1 1 0 0 0 0 0 0
184 3 0 0 0 0 0 0 0 0
185 1 0 0 0 0 0 0 0 0
194 1 0 0 0 0 0 1 0 0
197 4 0 0 0 0 0 1 0 0
198 1 0 0 0 0 0 1 0 0
249 1 0 0 0 0 0 1 0 0
250 8 0 0 7 0 0 0 0 0
fn=_dl_next_tls_modid
50 1 1 1 0 0 0 0 0 0
53 3 0 0 2 1 0 0 0 0
101 2 0 0 0 0 0 1 0 0
105 2 0 0 1 0 0 0 0 0
fl=/build/eglibc-oGUzwX/eglibc-2.19/elf/dl-version.c
fn=_dl_check_all_versions
380 6 1 1 0 0 0 4 0 0
382 2 0 0 0 0 0 0 0 0
384 16 0 0 4 1 0 0 0 0
385 4 0 0 0 0 0 0 0 0
386 40 1 1 4 1 0 4 0 0
389 7 0 0 5 0 0 0 0 0
fn=_dl_check_map_versions
56 24 0 0 4 0 0 0 0 0
57 5 0 0 5 0 0 0 0 0
58 37 1 1 0 0 0 7 0 0
174 44 1 1 0 0 0 32 0 0
175 2 0 0 0 0 0 0 0 0
183 2 0 0 0 0 0 0 0 0
189 12 0 0 4 3 0 0 0 0
191 8 0 0 4 2 0 4 0 0
193 8 0 0 4 0 0 4 0 0
194 8 1 1 4 2 0 4 0 0
196 8 0 0 0 0 0 0 0 0
199 8 0 0 6 1 0 2 0 0
203 12 1 1 4 2 2 0 0 0
220 6 0 0 6 0 0 0 0 0
228 6 0 0 2 0 0 0 0 0
233 14 0 0 4 0 0 0 0 0
237 50 2 2 29 3 1 6 0 0
244 12 0 0 3 0 0 0 0 0
247 11 0 0 3 0 0 0 0 0
252 1 0 0 0 0 0 0 0 0
256 8 0 0 4 0 0 0 0 0
270 12 1 1 4 0 0 0 0 0
273 6 0 0 4 0 0 0 0 0
276 112 0 0 28 11 8 0 0 0
279 84 0 0 28 3 3 0 0 0
283 26 0 0 0 0 0 0 0 0
287 8 1 1 0 0 0 0 0 0
292 3 0 0 0 0 0 3 2 0
293 12 0 0 0 0 0 3 0 0
294 6 1 1 0 0 0 0 0 0
302 3 0 0 0 0 0 3 0 0
305 9 0 0 6 3 0 3 0 0
307 9 0 0 3 0 0 0 0 0
310 8 0 0 6 0 0 0 0 0
314 6 0 0 2 0 0 0 0 0
317 9 1 1 3 0 0 0 0 0
319 9 0 0 0 0 0 0 0 0
321 15 0 0 3 0 0 3 0 0
322 9 0 0 0 0 0 3 2 2
323 9 0 0 3 0 0 3 0 0
324 9 1 1 3 0 0 3 0 0
327 9 0 0 3 0 0 0 0 0
332 1 0 0 0 0 0 0 0 0
335 6 0 0 2 0 0 0 0 0
345 9 0 0 3 0 0 0 0 0
348 8 0 0 6 0 0 0 0 0
352 28 0 0 28 0 0 0 0 0
354 56 0 0 28 0 0 0 0 0
358 26 0 0 26 0 0 0 0 0
359 130 0 0 26 0 0 26 8 8
360 78 0 0 26 0 0 26 0 0
361 26 0 0 0 0 0 26 3 3
364 84 0 0 28 0 0 0 0 0
368 26 0 0 0 0 0 0 0 0
373 7 0 0 0 0 0 0 0 0
374 32 2 2 28 1 0 0 0 0
fn=match_symbol
76 39 2 2 0 0 0 24 1 0
77 6 0 0 6 2 0 0 0 0
85 6 0 0 3 0 0 0 0 0
91 9 0 0 3 2 0 0 0 0
106 3 0 0 3 1 0 0 0 0
107 6 1 1 0 0 0 0 0 0
109 3 0 0 3 1 0 0 0 0
114 20 0 0 10 4 3 0 0 0
128 20 0 0 10 1 1 0 0 0
130 3 1 1 3 0 0 0 0 0
133 18 0 0 3 0 0 3 0 0
140 21 0 0 7 0 0 0 0 0
144 7 0 0 0 0 0 0 0 0
168 24 0 0 21 0 0 0 0 0
fl=/build/eglibc-oGUzwX/eglibc-2.19/elf/do-rel.h
fn=_dl_relocate_object
47 16 0 0 8 0 0 0 0 0
48 8 0 0 8 4 0 0 0 0
50 3 0 0 0 0 0 0 0 0
51 3 0 0 0 0 0 3 1 0
58 24 0 0 8 0 0 0 0 0
61 81 0 0 0 0 0 0 0 0
63 69 2 1 23 8 8 0 0 0
65 17 1 1 0 0 0 0 0 0
74 6 1 0 0 0 0 0 0 0
75 29 2 1 9 0 0 0 0 0
76 10 0 0 5 0 0 0 0 0
83 10 0 0 5 1 0 5 0 0
84 5 3 1 5 1 0 0 0 0
86 10 0 0 0 0 0 0 0 0
98 15 0 0 0 0 0 0 0 0
108 6 0 0 0 0 0 0 0 0
111 3600 0 0 0 0 0 0 0 0
112 2394 2 1 1197 1 0 0 0 0
118 15 1 0 5 4 0 0 0 0
121 8 3 1 4 4 0 4 1 0
124 317 3 1 102 0 0 0 0 0
127 396 3 1 99 25 22 0 0 0
136 297 0 0 198 71 38 0 0 0
137 566 0 0 99 0 0 99 0 0
138 184 0 0 99 5 0 0 0 0
139 198 0 0 99 0 0 0 0 0
143 6 0 0 0 0 0 0 0 0
160 23 2 2 5 0 0 4 0 0
162 20 0 0 5 2 2 0 0 0
170 25 1 1 5 0 0 5 0 0
171 10 0 0 10 3 0 0 0 0
174 5 0 0 2 1 0 0 0 0
fn=_dl_start
83 1 0 0 1 0 0 0 0 0
84 1 0 0 1 0 0 0 0 0
111 33 1 1 0 0 0 0 0 0
112 20 0 0 10 3 3 0 0 0
116 2 0 0 1 0 0 0 0 0
124 31 1 1 0 0 0 0 0 0
137 45 0 0 9 2 2 0 0 0
139 18 0 0 9 0 0 0 0 0
fl=/build/eglibc-oGUzwX/eglibc-2.19/elf/get-dynamic-info.h
fn=_dl_map_object_from_fd
38 4 0 0 0 0 0 0 0 0
42 2 0 0 0 0 0 0 0 0
44 141 2 1 47 13 13 0 0 0
46 90 2 1 0 0 0 0 0 0
51 42 0 0 0 0 0 0 0 0
52 71 0 0 0 0 0 43 12 11
53 8 0 0 0 0 0 0 0 0
55 2 0 0 0 0 0 0 0 0
56 10 2 1 0 0 0 0 0 0
58 2 0 0 0 0 0 0 0 0
59 10 0 0 0 0 0 0 0 0
60 2 0 0 0 0 0 0 0 0
61 8 1 0 0 0 0 2 0 0
62 45 0 0 0 0 0 0 0 0
69 4 2 1 0 0 0 0 0 0
89 7 0 0 3 0 0 0 0 0
90 8 0 0 4 0 0 0 0 0
91 8 0 0 4 0 0 0 0 0
92 8 0 0 4 0 0 0 0 0
94 8 2 1 4 0 0 0 0 0
99 8 0 0 4 0 0 0 0 0
100 7 0 0 3 1 1 0 0 0
101 8 0 0 4 0 0 0 0 0
107 6 2 1 2 0 0 0 0 0
112 4 0 0 2 0 0 0 0 0
119 4 0 0 2 0 0 0 0 0
120 6 0 0 4 0 0 0 0 0
136 6 0 0 2 0 0 0 0 0
141 2 0 0 1 0 0 1 1 0
143 2 1 0 0 0 0 0 0 0
145 2 0 0 0 0 0 0 0 0
147 2 0 0 0 0 0 0 0 0
150 6 1 1 2 0 0 0 0 0
152 2 0 0 1 0 0 1 0 0
160 2 1 1 1 0 0 0 0 0
161 2 0 0 0 0 0 0 0 0
165 2 0 0 0 0 0 0 0 0
168 4 1 0 2 0 0 0 0 0
fn=_dl_start
44 57 1 1 19 6 6 0 0 0
46 36 0 0 0 0 0 0 0 0
47 26 0 0 0 0 0 13 3 3
51 21 1 1 0 0 0 0 0 0
52 18 0 0 0 0 0 4 2 2
53 4 1 1 0 0 0 0 0 0
55 1 0 0 0 0 0 0 0 0
56 5 0 0 0 0 0 0 0 0
58 2 0 0 0 0 0 0 0 0
59 5 2 2 0 0 0 0 0 0
60 1 0 0 0 0 0 0 0 0
61 5 0 0 0 0 0 1 1 1
62 18 0 0 0 0 0 0 0 0
69 2 0 0 0 0 0 0 0 0
89 4 0 0 2 0 0 0 0 0
90 4 1 1 2 0 0 0 0 0
91 4 0 0 2 0 0 0 0 0
92 4 0 0 2 0 0 0 0 0
94 4 0 0 2 0 0 0 0 0
99 4 1 1 2 0 0 0 0 0
100 4 0 0 2 0 0 0 0 0
101 4 0 0 2 0 0 0 0 0
107 3 0 0 1 0 0 0 0 0
112 2 1 1 1 0 0 0 0 0
119 3 0 0 1 0 0 0 0 0
120 3 0 0 2 0 0 0 0 0
128 3 0 0 1 0 0 0 0 0
130 3 1 1 1 1 1 0 0 0
133 2 0 0 1 0 0 0 0 0
134 2 0 0 1 0 0 0 0 0
fn=dl_main
29 1 0 0 1 0 0 0 0 0
38 2 0 0 0 0 0 0 0 0
42 1 0 0 0 0 0 0 0 0
44 78 0 0 26 8 8 0 0 0
46 50 1 1 0 0 0 0 0 0
51 25 1 1 0 0 0 0 0 0
52 41 0 0 0 0 0 24 6 6
53 4 0 0 0 0 0 0 0 0
55 1 0 0 0 0 0 0 0 0
56 5 1 1 0 0 0 0 0 0
58 1 0 0 0 0 0 0 0 0
59 5 0 0 0 0 0 0 0 0
60 1 0 0 0 0 0 0 0 0
61 4 1 1 0 0 0 1 0 0
62 25 0 0 0 0 0 0 0 0
69 3 1 1 1 0 0 0 0 0
89 3 0 0 1 0 0 0 0 0
90 4 0 0 2 0 0 0 0 0
91 4 0 0 2 0 0 0 0 0
92 4 0 0 2 0 0 0 0 0
94 4 1 1 2 0 0 0 0 0
99 4 0 0 2 0 0 0 0 0
100 4 0 0 2 0 0 0 0 0
101 4 0 0 2 0 0 0 0 0
107 3 1 1 1 0 0 0 0 0
112 2 0 0 1 0 0 0 0 0
119 2 0 0 1 0 0 0 0 0
120 3 0 0 2 0 0 0 0 0
136 3 0 0 1 0 0 0 0 0
150 3 1 1 1 0 0 0 0 0
152 2 0 0 1 0 0 1 0 0
160 2 0 0 1 0 0 0 0 0
161 1 1 1 0 0 0 0 0 0
165 2 0 0 0 0 0 0 0 0
168 2 0 0 1 0 0 0 0 0
fl=/build/eglibc-oGUzwX/eglibc-2.19/elf/rtld.c
fn=_dl_initial_error_catch_tsd
797 8 1 0 4 0 0 0 0 0
fn=_dl_start
284 75 3 3 8 1 1 8 1 1
296 2 0 0 0 0 0 1 1 1
297 2 0 0 0 0 0 1 0 0
298 2 1 1 0 0 0 1 0 0
299 2 0 0 0 0 0 1 1 1
300 2 0 0 0 0 0 1 0 0
321 5 1 1 0 0 0 1 0 0
325 1 0 0 0 0 0 1 0 0
331 4 1 0 0 0 0 1 0 0
340 4 0 0 0 0 0 0 0 0
343 2 0 0 1 1 0 1 1 0
347 2 0 0 1 0 0 0 0 0
361 9 1 1 0 0 0 6 1 1
379 5 0 0 0 0 0 1 1 1
405 1 0 0 0 0 0 1 1 1
408 1 0 0 0 0 0 1 1 1
536 2 0 0 0 0 0 0 0 0
541 34 3 3 9 0 0 0 0 0
543 1 1 1 1 1 1 0 0 0
568 9 0 0 7 1 0 0 0 0
fn=dl_main
887 12 1 1 0 0 0 8 2 2
893 1 0 0 0 0 0 0 0 0
895 2 0 0 0 0 0 0 0 0
896 1 0 0 0 0 0 0 0 0
902 1 0 0 0 0 0 1 0 0
906 2 0 0 0 0 0 1 0 0
909 2 0 0 0 0 0 1 1 1
913 2 0 0 0 0 0 1 1 1
914 2 0 0 0 0 0 1 0 0
919 2 1 1 0 0 0 1 0 0
929 4 2 2 2 0 0 0 0 0
1128 8 1 1 0 0 0 1 0 0
1130 2 0 0 0 0 0 0 0 0
1131 1 0 0 0 0 0 1 1 1
1132 2 1 1 1 0 0 1 0 0
1133 3 0 0 2 0 0 1 0 0
1137 3 0 0 0 0 0 1 0 0
1138 2 0 0 1 0 0 0 0 0
1159 1 0 0 0 0 0 1 0 0
1160 1 0 0 0 0 0 1 0 0
1162 1 0 0 0 0 0 1 0 0
1164 1 1 1 1 0 0 0 0 0
1167 36 1 1 3 0 0 0 0 0
1168 71 1 1 9 5 5 0 0 0
1172 3 1 1 1 0 0 1 0 0
1173 1 0 0 0 0 0 0 0 0
1177 3 1 1 2 0 0 1 0 0
1178 1 0 0 0 0 0 0 0 0
1186 1 0 0 0 0 0 1 1 1
1187 2 1 1 2 1 1 0 0 0
1189 2 1 1 0 0 0 1 1 0
1196 3 0 0 1 0 0 0 0 0
1214 1 0 0 0 0 0 0 0 0
1222 4 0 0 2 0 0 0 0 0
1223 10 2 2 3 1 1 0 0 0
1224 4 0 0 2 0 0 0 0 0
1225 1 0 0 0 0 0 1 0 0
1228 4 0 0 2 1 1 0 0 0
1229 4 0 0 2 0 0 0 0 0
1230 2 0 0 0 0 0 2 0 0
1231 6 0 0 3 0 0 0 0 0
1232 2 0 0 0 0 0 1 0 0
1259 2 1 1 1 0 0 1 1 1
1260 1 0 0 0 0 0 0 0 0
1263 2 0 0 1 0 0 1 0 0
1264 2 0 0 1 0 0 1 0 0
1265 1 0 0 0 0 0 0 0 0
1270 3 0 0 1 1 1 0 0 0
1273 2 0 0 0 0 0 0 0 0
1275 2 0 0 0 0 0 0 0 0
1277 2 1 1 1 0 0 0 0 0
1290 3 0 0 1 1 0 0 0 0
1291 11 1 1 6 2 0 2 0 0
1296 1 0 0 0 0 0 1 0 0
1298 1 0 0 0 0 0 1 1 1
1299 1 0 0 0 0 0 1 0 0
1301 2 0 0 1 0 0 0 0 0
1302 2 1 1 0 0 0 1 0 0
1306 2 0 0 1 1 0 0 0 0
1308 2 0 0 0 0 0 0 0 0
1313 2 0 0 0 0 0 1 0 0
1316 4 1 1 0 0 0 1 0 0
1332 3 1 1 0 0 0 1 0 0
1338 9 1 1 1 0 0 2 0 0
1343 2 1 1 1 0 0 1 0 0
1346 4 1 0 1 0 0 2 0 0
1348 1 0 0 0 0 0 1 0 0
1353 2 0 0 1 1 0 0 0 0
1356 3 0 0 2 0 0 1 0 0
1357 4 1 1 1 1 0 1 0 0
1358 2 0 0 0 0 0 1 0 0
1359 1 0 0 0 0 0 1 0 0
1360 1 0 0 1 0 0 0 0 0
1361 1 0 0 1 1 0 0 0 0
1366 2 0 0 1 0 0 0 0 0
1367 5 1 1 1 0 0 1 0 0
1371 1 0 0 1 0 0 0 0 0
1373 4 0 0 1 0 0 0 0 0
1374 2 0 0 0 0 0 1 1 0
1375 4 1 1 1 1 1 1 0 0
1380 2 0 0 0 0 0 0 0 0
1381 6 0 0 1 1 1 0 0 0
1383 2 0 0 1 0 0 1 1 1
1384 2 0 0 1 0 0 1 0 0
1389 2 0 0 1 1 1 0 0 0
1394 3 1 1 1 0 0 0 0 0
1575 3 0 0 1 0 0 0 0 0
1578 2 0 0 1 0 0 1 0 0
1582 3 1 1 1 1 0 0 0 0
1587 2 0 0 1 0 0 1 0 0
1588 1 0 0 0 0 0 1 0 0
1593 3 0 0 1 1 0 0 0 0
1608 3 1 1 2 0 0 0 0 0
1610 1 0 0 0 0 0 0 0 0
1612 3 0 0 1 1 0 0 0 0
1619 11 1 1 0 0 0 3 1 0
1622 6 0 0 0 0 0 0 0 0
1625 12 2 1 0 0 0 2 0 0
1626 2 0 0 1 0 0 0 0 0
1627 3 0 0 1 0 0 0 0 0
1629 6 2 1 0 0 0 1 0 0
1631 4 1 0 0 0 0 0 0 0
1632 2 0 0 1 1 0 0 0 0
1633 3 1 1 0 0 0 1 0 0
1643 5 1 0 0 0 0 1 0 0
1720 4 1 1 2 1 0 0 0 0
1724 8 1 1 0 0 0 0 0 0
1725 1 0 0 0 0 0 0 0 0
1728 2 0 0 0 0 0 1 0 0
1729 1 0 0 1 0 0 0 0 0
1730 2 0 0 0 0 0 0 0 0
1731 2 1 1 0 0 0 0 0 0
1737 5 0 0 0 0 0 0 0 0
1738 8 0 0 0 0 0 1 0 0
1739 4 2 1 0 0 0 0 0 0
1741 2 0 0 1 1 0 0 0 0
1744 13 0 0 2 0 0 0 0 0
1745 16 0 0 8 0 0 0 0 0
1748 3 0 0 2 0 0 1 0 0
1749 3 1 1 1 0 0 0 0 0
1750 1 0 0 0 0 0 1 0 0
1752 12 1 1 0 0 0 0 0 0
1753 9 0 0 4 0 0 0 0 0
1763 2 1 1 0 0 0 1 0 0
1765 2 0 0 1 0 0 1 0 0
1766 2 1 1 1 1 0 0 0 0
1768 3 0 0 0 0 0 1 0 0
1770 3 0 0 0 0 0 0 0 0
1772 3 0 0 1 1 0 0 0 0
1773 1 1 1 1 1 0 0 0 0
1784 3 1 1 0 0 0 0 0 0
1786 2 0 0 0 0 0 0 0 0
1787 2 0 0 0 0 0 1 0 0
1788 3 0 0 1 0 0 0 0 0
1799 4 0 0 0 0 0 1 0 0
1800 1 1 1 0 0 0 1 1 0
1801 5 0 0 0 0 0 1 0 0
1811 2 1 1 1 0 0 1 0 0
1812 2 0 0 1 1 0 0 0 0
1813 2 0 0 0 0 0 2 1 0
1815 2 0 0 1 1 0 0 0 0
1818 1 0 0 0 0 0 1 0 0
1820 2 0 0 1 0 0 0 0 0
2050 3 1 1 1 1 0 0 0 0
2106 2 1 1 0 0 0 1 1 0
2110 4 1 1 2 1 0 2 0 0
2114 2 0 0 1 1 0 1 1 0
2117 2 0 0 0 0 0 0 0 0
2125 2 1 1 0 0 0 0 0 0
2136 1 1 1 1 0 0 0 0 0
2171 3 2 2 1 0 0 0 0 0
2178 1 0 0 1 1 0 0 0 0
2180 11 0 0 1 0 0 1 0 0
2182 13 1 1 1 1 0 0 0 0
2184 12 3 1 8 4 0 0 0 0
2189 8 0 0 8 4 0 0 0 0
2191 10 0 0 0 0 0 0 0 0
2193 1 1 1 0 0 0 1 0 0
2194 1 0 0 1 0 0 0 0 0
2197 4 0 0 4 3 0 0 0 0
2199 12 0 0 0 0 0 0 0 0
2200 24 0 0 6 5 0 3 0 0
2204 14 1 0 5 1 0 0 0 0
2205 3 1 0 0 0 0 1 0 0
2207 4 0 0 0 0 0 0 0 0
2209 2 1 1 0 0 0 1 1 0
2215 2 0 0 1 1 0 0 0 0
2220 4 1 1 2 1 0 0 0 0
2221 1 1 1 1 1 0 0 0 0
2226 2 0 0 1 0 0 1 0 0
2230 2 0 0 1 0 0 0 0 0
2244 3 1 1 2 1 0 0 0 0
2246 4 1 1 1 0 0 0 0 0
2261 5 0 0 0 0 0 0 0 0
2263 1 0 0 1 1 0 0 0 0
2264 5 0 0 1 1 0 1 0 0
2265 4 1 0 0 0 0 0 0 0
2267 3 0 0 1 1 0 0 0 0
2275 1 0 0 0 0 0 1 0 0
2279 3 0 0 1 1 0 0 0 0
2299 3 0 0 0 0 0 1 0 0
2300 1 0 0 0 0 0 1 0 0
2301 1 0 0 0 0 0 1 0 0
2306 1 0 0 0 0 0 1 0 0
2311 8 1 1 7 2 0 0 0 0
2481 2 0 0 1 0 0 1 1 1
2483 1 0 0 0 0 0 0 0 0
2484 1 0 0 0 0 0 0 0 0
2488 13 2 2 1 0 0 4 0 0
2490 15 0 0 3 0 0 3 1 1
2494 105 1 1 21 0 0 0 0 0
2495 19 0 0 0 0 0 0 0 0
2497 4 0 0 0 0 0 0 0 0
2503 16 0 0 2 1 0 0 0 0
2526 6 1 1 0 0 0 1 0 0
2533 6 1 1 0 0 0 1 0 0
2535 3 1 1 0 0 0 1 0 0
2579 6 1 1 0 0 0 1 0 0
2581 3 1 1 0 0 0 1 1 0
2653 3 1 1 1 0 0 0 0 0
2686 3 0 0 1 0 0 0 0 0
fn=do_preload
803 6 0 0 0 0 0 3 0 0
805 1 0 0 0 0 0 1 0 0
809 1 0 0 0 0 0 1 0 0
810 1 1 1 0 0 0 1 0 0
811 1 0 0 0 0 0 1 0 0
813 1 0 0 1 0 0 0 0 0
815 6 0 0 0 0 0 1 0 0
816 3 1 0 1 0 0 0 0 0
824 3 1 1 1 0 0 0 0 0
830 5 0 0 4 1 0 0 0 0
fn=init_tls
716 1 0 0 0 0 0 1 0 0
718 2 0 0 1 0 0 1 0 0
722 2 0 0 1 1 0 0 0 0
723 1 1 1 0 0 0 0 0 0
728 2 0 0 0 0 0 1 0 0
731 1 0 0 0 0 0 1 0 0
732 4 0 0 0 0 0 1 0 0
737 1 0 0 0 0 0 0 0 0
739 1 0 0 0 0 0 1 1 1
743 2 1 1 1 1 1 0 0 0
744 1 0 0 0 0 0 0 0 0
745 11 1 1 1 1 0 0 0 0
746 8 0 0 4 2 0 0 0 0
747 8 0 0 4 4 0 0 0 0
751 3 0 0 0 0 0 1 0 0
753 1 0 0 0 0 0 0 0 0
755 3 0 0 0 0 0 0 0 0
758 1 1 1 0 0 0 1 0 0
765 2 0 0 0 0 0 1 0 0
766 2 0 0 0 0 0 0 0 0
772 2 1 1 1 0 0 1 0 0
780 7 0 0 0 0 0 2 0 0
784 1 1 1 0 0 0 1 1 0
786 1 0 0 0 0 0 0 0 0
787 2 0 0 2 0 0 0 0 0
fn=map_doit
624 2 1 1 0 0 0 1 0 0
626 8 1 1 3 0 0 2 1 0
628 2 0 0 2 0 0 0 0 0
fn=rtld_lock_default_lock_recursive
837 10 5 2 10 4 1 0 0 0
fn=rtld_lock_default_unlock_recursive
843 10 5 2 10 1 0 0 0 0
fn=security_init
850 2 0 0 0 0 0 1 0 0
852 1 0 0 1 1 0 0 0 0
854 1 0 0 0 0 0 1 0 0
861 1 0 0 1 0 0 0 0 0
863 1 0 0 0 0 0 1 0 0
865 1 0 0 0 0 0 1 1 0
870 1 1 1 0 0 0 1 0 0
871 3 0 0 2 0 0 0 0 0
fn=version_check_doit
656 2 1 1 0 0 0 1 0 0
658 6 0 0 2 0 0 1 0 0
662 2 0 0 2 0 0 0 0 0
fl=/build/eglibc-oGUzwX/eglibc-2.19/elf/setup-vdso.h
fn=dl_main
24 2 0 0 1 1 0 0 0 0
fl=/build/eglibc-oGUzwX/eglibc-2.19/io/../sysdeps/unix/syscall-template.S
fn=__write_nocancel
81 10 0 0 2 0 0 0 0 0
fn=access
81 12 3 1 0 0 0 0 0 0
83 15 3 1 3 0 0 3 2 1
fn=close
81 12 3 1 0 0 0 0 0 0
82 3 0 0 3 0 0 0 0 0
fn=open
81 28 2 1 0 0 0 0 0 0
82 3 0 0 3 0 0 0 0 0
83 20 0 0 4 0 0 4 0 0
fn=read
81 8 0 0 0 0 0 0 0 0
82 2 0 0 2 0 0 0 0 0
fn=write
81 4 2 1 2 0 0 0 0 0
fl=/build/eglibc-oGUzwX/eglibc-2.19/io/../sysdeps/unix/sysv/linux/wordsize-64/fxstat.c
fn=_fxstat
33 4 0 0 0 0 0 0 0 0
34 8 3 2 0 0 0 0 0 0
35 24 0 0 0 0 0 0 0 0
39 4 0 0 4 0 0 0 0 0
fl=/build/eglibc-oGUzwX/eglibc-2.19/io/../sysdeps/unix/sysv/linux/wordsize-64/xstat.c
fn=_xstat
33 4 0 0 0 0 0 0 0 0
34 8 1 1 0 0 0 0 0 0
35 36 1 0 3 0 0 3 0 0
39 1 0 0 1 0 0 0 0 0
fl=/build/eglibc-oGUzwX/eglibc-2.19/libio/../sysdeps/unix/sysv/linux/sys/sysmacros.h
fn=_IO_file_doallocate
41 6 0 0 0 0 0 0 0 0
fl=/build/eglibc-oGUzwX/eglibc-2.19/libio/filedoalloc.c
fn=_IO_file_doallocate
96 5 1 1 0 0 0 3 0 0
111 8 1 1 3 1 0 1 1 1
113 4 0 0 1 1 1 0 0 0
116 2 0 0 0 0 0 0 0 0
118 2 2 2 1 0 0 0 0 0
121 1 0 0 1 0 0 0 0 0
124 6 1 1 1 0 0 0 0 0
128 8 0 0 0 0 0 1 0 0
129 5 0 0 0 0 0 1 0 0
130 1 0 0 0 0 0 0 0 0
131 5 0 0 4 0 0 0 0 0
fl=/build/eglibc-oGUzwX/eglibc-2.19/libio/fileops.c
fn=_IO_do_write@@GLIBC_2.2.5
509 18 3 1 0 0 0 12 0 0
511 17 0 0 0 0 0 0 0 0
512 18 0 0 15 0 0 0 0 0
523 8 2 1 2 0 0 0 0 0
530 8 0 0 4 0 0 0 0 0
538 12 2 1 4 2 0 2 0 0
539 6 0 0 2 0 0 0 0 0
541 8 2 1 2 0 0 6 0 0
542 4 0 0 0 0 0 4 0 0
543 2 0 0 0 0 0 2 0 0
544 4 2 1 2 0 0 0 0 0
545 6 0 0 2 0 0 0 0 0
fn=_IO_file_overflow@@GLIBC_2.2.5
824 112 3 1 0 0 0 84 0 0
825 84 0 0 28 0 0 0 0 0
832 192 0 0 54 0 0 0 0 0
835 2 1 1 1 0 0 0 0 0
837 2 1 1 0 0 0 1 1 1
838 6 0 0 2 0 0 3 0 0
847 2 1 1 0 0 0 0 0 0
856 4 0 0 2 0 0 0 0 0
858 1 0 0 0 0 0 1 0 0
859 2 0 0 0 0 0 1 0 0
860 1 0 0 0 0 0 1 0 0
861 2 0 0 0 0 0 2 0 0
863 3 1 1 0 0 0 1 0 0
864 5 0 0 1 0 0 0 0 0
865 2 0 0 0 0 0 1 0 0
867 56 0 0 0 0 0 0 0 0
868 4 2 1 0 0 0 0 0 0
869 2 0 0 0 0 0 0 0 0
870 52 2 0 26 0 0 0 0 0
873 78 0 0 0 0 0 52 2 1
874 78 0 0 26 0 0 0 0 0
875 104 0 0 0 0 0 0 0 0
876 4 0 0 0 0 0 1 0 0
877 3 1 0 2 0 0 0 0 0
879 26 0 0 0 0 0 0 0 0
880 110 0 0 110 0 0 0 0 0
fn=_IO_file_setbuf@@GLIBC_2.2.5
461 2 1 1 0 0 0 1 0 0
462 3 0 0 0 0 0 1 0 0
465 2 0 0 0 0 0 2 0 0
466 2 0 0 1 0 0 1 0 0
467 3 0 0 0 0 0 3 0 0
469 1 0 0 0 0 0 0 0 0
470 2 0 0 2 0 0 0 0 0
fn=_IO_file_stat
1222 1 1 1 0 0 0 0 0 0
1223 3 0 0 1 0 0 0 0 0
fn=_IO_file_sync@@GLIBC_2.2.5
886 2 1 1 0 0 0 1 0 0
891 4 0 0 2 0 0 0 0 0
893 1 1 1 1 0 0 0 0 0
894 2 0 0 1 0 0 0 0 0
911 2 0 0 0 0 0 1 0 0
915 2 0 0 2 0 0 0 0 0
fn=_IO_file_write@@GLIBC_2.2.5
1254 14 2 1 0 0 0 8 0 0
1256 14 0 0 0 0 0 0 0 0
1260 6 0 0 2 0 0 0 0 0
1261 6 2 1 2 0 0 2 0 0
1262 4 0 0 0 0 0 0 0 0
1267 2 0 0 0 0 0 0 0 0
1268 2 0 0 0 0 0 0 0 0
1271 6 0 0 2 0 0 0 0 0
1274 18 2 1 10 0 0 0 0 0
fn=_IO_file_xsputn@@GLIBC_2.2.5
1281 24 6 2 0 0 0 18 1 1
1287 6 0 0 0 0 0 0 0 0
1288 3 0 0 0 0 0 0 0 0
1294 18 0 0 3 0 0 0 0 0
1296 6 1 0 4 1 0 0 0 0
1297 4 0 0 0 0 0 0 0 0
1300 28 2 1 0 0 0 0 0 0
1302 34 0 0 11 0 0 0 0 0
1304 4 1 1 0 0 0 0 0 0
1311 6 1 1 2 0 0 0 0 0
1315 5 0 0 0 0 0 0 0 0
1320 10 1 0 0 0 0 4 0 0
1325 2 0 0 0 0 0 0 0 0
1326 6 0 0 0 0 0 0 0 0
1328 9 0 0 0 0 0 0 0 0
1332 12 1 0 4 1 0 2 0 0
1338 4 0 0 4 0 0 0 0 0
1339 12 1 1 0 0 0 0 0 0
1341 6 0 0 0 0 0 0 0 0
1352 4 0 0 0 0 0 0 0 0
1353 6 0 0 0 0 0 1 0 0
1355 6 1 1 0 0 0 0 0 0
1356 24 0 0 21 0 0 0 0 0
fl=/build/eglibc-oGUzwX/eglibc-2.19/libio/genops.c
fn=_IO_cleanup
950 13 2 2 4 0 0 0 0 0
952 9 0 0 3 0 0 0 0 0
953 4 0 0 0 0 0 0 0 0
954 2 0 0 0 0 0 0 0 0
956 4 0 0 1 0 0 0 0 0
962 17 1 1 7 4 0 2 0 0
970 5 0 0 2 0 0 0 0 0
972 2 0 0 0 0 0 1 0 0
974 2 0 0 1 0 0 1 0 0
975 1 1 1 0 0 0 1 0 0
976 2 0 0 1 0 0 1 0 0
977 4 0 0 1 0 0 1 0 0
980 5 0 0 2 1 0 1 0 0
983 5 0 0 1 0 0 0 0 0
984 8 1 1 3 0 0 1 0 0
990 3 1 1 0 0 0 3 0 0
1010 5 1 1 0 0 0 4 0 0
1013 3 0 0 0 0 0 1 0 0
1025 7 0 0 5 0 0 0 0 0
fn=_IO_default_setbuf
400 5 0 0 1 0 0 0 0 0
402 1 0 0 0 0 0 1 0 0
403 1 0 0 0 0 0 1 0 0
407 2 1 1 0 0 0 1 0 0
557 6 1 1 0 0 0 3 0 0
558 4 1 1 2 1 0 1 0 0
560 2 0 0 0 0 0 0 0 0
562 2 0 0 0 0 0 1 0 0
563 2 0 0 0 0 0 0 0 0
567 2 0 0 1 0 0 0 0 0
570 3 0 0 0 0 0 3 0 0
571 3 0 0 0 0 0 3 0 0
572 1 0 0 0 0 0 0 0 0
573 4 1 1 4 0 0 0 0 0
fn=_IO_default_xsputn
447 6 1 1 0 0 0 5 0 0
450 6 0 0 0 0 0 0 0 0
451 1 0 0 0 0 0 0 0 0
455 68 1 1 34 0 0 0 0 0
480 162 1 1 48 0 0 16 0 0
482 16 0 0 0 0 0 0 0 0
484 2 1 1 0 0 0 0 0 0
485 6 0 0 6 0 0 0 0 0
fn=_IO_doallocbuf
414 4 1 1 0 0 0 3 0 0
415 2 0 0 1 0 0 0 0 0
417 3 1 1 1 0 0 0 0 0
418 5 0 0 2 1 0 1 0 0
421 4 0 0 4 0 0 0 0 0
fn=_IO_flush_all_lockp
822 8 1 1 0 0 0 6 0 0
823 1 0 0 0 0 0 0 0 0
828 3 0 0 0 0 0 0 0 0
833 1 0 0 1 1 1 0 0 0
834 1 1 1 1 1 0 0 0 0
835 8 0 0 0 0 0 0 0 0
837 3 0 0 0 0 0 3 0 0
838 6 1 1 0 0 0 0 0 0
839 2 0 0 1 0 0 0 0 0
841 21 2 2 9 6 2 0 0 0
851 6 1 1 0 0 0 0 0 0
853 3 1 1 0 0 0 3 0 0
855 9 1 1 3 0 0 0 0 0
862 3 0 0 3 3 1 0 0 0
866 2 0 0 0 0 0 0 0 0
868 2 0 0 0 0 0 0 0 0
872 9 0 0 7 0 0 0 0 0
fn=_IO_setb
399 5 1 1 0 0 0 2 0 0
400 4 0 0 2 0 0 0 0 0
402 1 0 0 0 0 0 1 0 0
403 1 0 0 0 0 0 1 0 0
405 6 0 0 0 0 0 1 0 0
408 4 0 0 3 0 0 0 0 0
fn=__overflow
241 30 2 1 10 0 0 0 0 0
243 30 2 1 20 1 0 0 0 0
fl=/build/eglibc-oGUzwX/eglibc-2.19/libio/ioputs.c
fn=puts
34 4 1 1 0 0 0 3 0 0
36 2 0 0 0 0 0 1 0 0
37 19 2 2 11 5 0 1 0 0
39 2 1 1 0 0 0 0 0 0
40 3 0 0 1 0 0 0 0 0
41 6 1 1 2 1 0 1 0 0
42 9 0 0 3 0 0 1 0 0
43 4 0 0 0 0 0 0 0 0
47 5 0 0 4 0 0 0 0 0
fl=/build/eglibc-oGUzwX/eglibc-2.19/libio/libioP.h
fn=puts
904 2 1 1 1 0 0 0 0 0
905 8 0 0 4 0 0 1 0 0
fl=/build/eglibc-oGUzwX/eglibc-2.19/malloc/arena.c
fn=malloc_hook_ini
373 3 0 0 1 1 1 0 0 0
fn=ptmalloc_init.part.7
334 198 0 0 66 9 1 0 0 0
336 130 0 0 65 32 19 0 0 0
337 8 1 1 4 0 0 0 0 0
338 2 0 0 1 0 0 0 0 0
352 65 0 0 0 0 0 0 0 0
371 6 1 1 0 0 0 5 0 0
376 1 0 0 0 0 0 1 0 0
384 2 1 1 1 1 0 0 0 0
385 7 1 1 0 0 0 1 0 0
386 4 0 0 2 0 0 0 0 0
391 3 0 0 1 1 0 1 1 0
392 12 1 1 1 1 0 6 2 2
394 5 1 1 2 1 0 0 0 0
410 2 0 0 0 0 0 0 0 0
455 2 0 0 0 0 0 0 0 0
461 2 1 1 2 1 1 0 0 0
462 2 0 0 0 0 0 0 0 0
464 1 0 0 0 0 0 1 1 0
465 7 0 0 6 1 0 0 0 0
fl=/build/eglibc-oGUzwX/eglibc-2.19/malloc/hooks.c
fn=malloc_hook_ini
29 4 1 0 1 0 0 2 0 0
30 2 1 1 1 0 0 1 0 0
32 1 0 0 0 0 0 0 0 0
33 1 0 0 0 0 0 0 0 0
fl=/build/eglibc-oGUzwX/eglibc-2.19/malloc/malloc.c
fn=_int_free
1869 6 0 0 2 1 0 0 0 0
3814 18 1 1 0 0 0 14 0 0
3827 6 0 0 2 0 0 0 0 0
3833 8 0 0 0 0 0 0 0 0
3834 4 1 1 0 0 0 0 0 0
3845 8 0 0 0 0 0 0 0 0
3858 6 0 0 2 1 0 0 0 0
3933 4 1 1 0 0 0 0 0 0
3934 6 0 0 2 0 0 0 0 0
3943 14 2 2 6 1 0 0 0 0
3945 4 0 0 0 0 0 2 0 0
3948 2 0 0 0 0 0 0 0 0
3952 6 0 0 2 1 0 0 0 0
3958 8 0 0 2 0 0 0 0 0
3960 6 1 1 2 1 0 0 0 0
3966 6 1 1 2 1 0 0 0 0
3972 4 0 0 0 0 0 0 0 0
3973 4 0 0 0 0 0 0 0 0
3974 4 0 0 2 1 0 0 0 0
3983 4 0 0 2 0 0 0 0 0
3984 1 0 0 1 0 0 0 0 0
3985 1 0 0 0 0 0 0 0 0
3986 1 1 1 0 0 0 0 0 0
3987 13 0 0 6 0 0 2 0 0
3990 4 1 1 2 0 0 0 0 0
3995 2 0 0 1 0 0 0 0 0
3999 2 1 1 1 0 0 0 0 0
4007 1 0 0 0 0 0 0 0 0
4008 1 1 1 1 1 0 0 0 0
4009 2 0 0 1 0 0 0 0 0
4014 1 0 0 0 0 0 1 0 0
4015 1 0 0 0 0 0 1 0 0
4016 2 0 0 0 0 0 0 0 0
4018 1 1 1 0 0 0 1 0 0
4019 1 0 0 0 0 0 1 0 0
4021 1 0 0 0 0 0 1 0 0
4022 1 0 0 0 0 0 1 0 0
4024 3 0 0 0 0 0 1 0 0
4025 1 0 0 0 0 0 1 0 0
4036 1 1 1 0 0 0 0 0 0
4037 3 1 1 0 0 0 1 0 0
4038 2 0 0 0 0 0 1 0 0
4055 4 0 0 0 0 0 0 0 0
4056 2 0 0 1 0 0 0 0 0
4059 3 1 1 0 0 0 0 0 0
4061 5 0 0 3 1 0 0 0 0
4063 5 1 1 1 0 0 1 0 0
4075 6 1 1 2 0 0 0 0 0
4076 6 0 0 2 0 0 0 0 0
4077 8 0 0 4 0 0 0 0 0
4087 16 0 0 14 0 0 0 0 0
fn=_int_malloc
1862 12 0 0 4 2 1 0 0 0
2271 15 2 1 6 4 0 6 0 0
2272 2 1 1 0 0 0 0 0 0
2282 12 0 0 7 3 1 0 0 0
2297 10 1 0 4 0 0 0 0 0
2303 4 0 0 0 0 0 0 0 0
2305 16 3 1 0 0 0 4 0 0
2307 6 0 0 2 0 0 0 0 0
2322 6 0 0 0 0 0 0 0 0
2337 6 0 0 0 0 0 2 2 2
2342 6 0 0 4 0 0 0 0 0
2343 10 2 1 4 0 0 0 0 0
2346 6 0 0 4 0 0 0 0 0
2347 10 0 0 4 0 0 0 0 0
2360 1 0 0 0 0 0 0 0 0
2369 4 2 2 0 0 0 0 0 0
2378 3 1 1 0 0 0 0 0 0
2433 2 1 1 1 0 0 0 0 0
2442 5 0 0 1 0 0 0 0 0
2452 9 1 1 1 0 0 2 0 0
2460 2 1 1 0 0 0 0 0 0
2462 6 0 0 3 1 0 2 0 0
2466 5 0 0 2 0 0 0 0 0
2469 2 0 0 2 0 0 0 0 0
2470 2 0 0 0 0 0 0 0 0
2489 1 1 1 0 0 0 0 0 0
2516 2 0 0 1 1 1 0 0 0
2517 1 0 0 0 0 0 1 0 0
2518 3 0 0 1 0 0 1 0 0
2524 2 0 0 0 0 0 0 0 0
2527 8 3 3 1 0 0 0 0 0
2569 6 2 2 0 0 0 0 0 0
2588 1 0 0 0 0 0 0 0 0
2591 2 0 0 0 0 0 0 0 0
2592 7 1 1 2 0 0 0 0 0
2594 2 0 0 0 0 0 0 0 0
2595 4 0 0 2 0 0 2 0 0
2607 3 0 0 1 0 0 0 0 0
2615 2 0 0 2 0 0 0 0 0
2616 3 1 1 1 0 0 0 0 0
2654 1 0 0 0 0 0 1 0 0
2655 5 0 0 0 0 0 1 1 1
2656 2 0 0 0 0 0 1 0 0
2667 2 0 0 0 0 0 0 0 0
2700 2 1 1 1 0 0 0 0 0
2701 1 0 0 0 0 0 1 0 0
2706 2 0 0 1 0 0 0 0 0
2709 2 1 1 1 0 0 0 0 0
2711 1 0 0 0 0 0 0 0 0
2712 1 0 0 0 0 0 0 0 0
2713 1 0 0 0 0 0 1 0 0
2714 8 0 0 0 0 0 1 0 0
2715 2 0 0 0 0 0 1 1 1
2717 1 0 0 0 0 0 0 0 0
3302 32 4 2 0 0 0 28 2 1
3332 40 0 0 0 0 0 0 0 0
3340 8 0 0 4 2 1 0 0 0
3377 8 2 1 0 0 0 0 0 0
3421 64 8 4 0 0 0 0 0 0
3422 8 0 0 4 0 0 0 0 0
3423 4 0 0 1 0 0 2 0 0
3442 20 2 1 4 1 0 0 0 0
3576 8 4 2 0 0 0 0 0 0
3578 8 2 1 0 0 0 0 0 0
3581 12 0 0 4 2 0 0 0 0
3649 4 0 0 0 0 0 0 0 0
3650 8 0 0 0 0 0 0 0 0
3651 8 0 0 0 0 0 0 0 0
3652 8 0 0 4 2 0 0 0 0
3653 8 0 0 0 0 0 0 0 0
3658 24 0 0 0 0 0 0 0 0
3662 12 2 1 0 0 0 0 0 0
3765 4 2 1 4 1 0 0 0 0
3766 12 0 0 4 0 0 0 0 0
3768 12 0 0 0 0 0 0 0 0
3770 1 0 0 0 0 0 0 0 0
3771 1 0 0 0 0 0 0 0 0
3772 1 0 0 0 0 0 1 0 0
3773 8 1 1 0 0 0 1 0 0
3775 2 0 0 0 0 0 1 1 1
3778 1 1 0 0 0 0 0 0 0
3785 6 0 0 3 0 0 0 0 0
3790 16 2 1 0 0 0 4 0 0
3792 100 2 1 0 0 0 40 4 2
3801 6 2 0 0 0 0 0 0 0
3806 36 0 0 28 0 0 0 0 0
4990 16 2 1 0 0 0 8 0 0
4992 12 0 0 4 0 0 4 0 0
5000 3 2 1 0 0 0 3 0 0
fn=free
2917 4 1 1 4 2 0 0 0 0
2918 4 0 0 0 0 0 0 0 0
2924 4 0 0 0 0 0 0 0 0
2927 2 0 0 0 0 0 0 0 0
2929 6 0 0 2 1 0 0 0 0
2945 6 0 0 0 0 0 0 0 0
2946 4 1 1 0 0 0 0 0 0
fn=malloc
2876 20 3 1 0 0 0 10 0 0
2881 10 0 0 10 6 0 0 0 0
2882 10 0 0 0 0 0 0 0 0
2883 2 1 1 1 0 0 0 0 0
2885 8 2 1 8 2 1 0 0 0
2887 32 0 0 8 1 0 0 0 0
2891 16 0 0 0 0 0 4 0 0
2892 8 2 1 0 0 0 0 0 0
2903 16 0 0 8 0 0 0 0 0
2904 22 0 0 4 0 0 0 0 0
2907 23 2 1 15 0 0 0 0 0
fn=malloc_consolidate
1785 381 0 0 0 0 0 0 0 0
1788 381 0 0 0 0 0 254 32 32
1792 3 0 0 0 0 0 0 0 0
1796 3 1 1 1 1 0 1 0 0
1797 2 1 1 0 0 0 1 0 0
1799 1 0 0 0 0 0 1 1 1
4104 8 2 2 0 0 0 6 1 0
4126 5 0 0 1 0 0 0 0 0
4199 8 0 0 7 1 0 0 0 0
4996 1 1 1 0 0 0 0 0 0
fn=systrim.isra.1
2736 9 1 1 0 0 0 6 0 0
2746 2 0 0 2 1 0 0 0 0
2747 3 0 0 2 0 0 0 0 0
2749 1 0 0 0 0 0 0 0 0
2750 2 1 1 0 0 0 0 0 0
2751 1 0 0 0 0 0 0 0 0
2754 6 0 0 0 0 0 1 0 0
2760 5 0 0 2 2 0 1 0 0
2761 4 0 0 1 0 0 0 0 0
2773 3 1 1 2 0 0 1 0 0
2775 2 0 0 2 0 0 0 0 0
2776 3 0 0 1 0 0 0 0 0
2778 4 0 0 2 0 0 2 0 0
2782 2 0 0 0 0 0 0 0 0
2786 3 1 1 1 0 0 0 0 0
2797 8 0 0 7 0 0 0 0 0
fl=/build/eglibc-oGUzwX/eglibc-2.19/malloc/morecore.c
fn=__default_morecore
46 5 2 1 0 0 0 0 0 0
47 5 0 0 0 0 0 5 0 0
49 15 0 0 0 0 0 0 0 0
52 15 0 0 5 0 0 0 0 0
fl=/build/eglibc-oGUzwX/eglibc-2.19/math/../sysdeps/ieee754/dbl-64/wordsize-64/s_isinf.c
fn=isinf
19 1 0 0 0 0 0 0 0 0
20 2 1 1 0 0 0 0 0 0
21 2 0 0 0 0 0 0 0 0
22 3 0 0 0 0 0 0 0 0
23 4 0 0 0 0 0 0 0 0
24 1 0 0 1 0 0 0 0 0
fl=/build/eglibc-oGUzwX/eglibc-2.19/math/../sysdeps/ieee754/dbl-64/wordsize-64/s_isnan.c
fn=isnan
26 1 0 0 0 0 0 0 0 0
27 2 1 1 0 0 0 0 0 0
28 2 0 0 0 0 0 0 0 0
29 1 1 1 0 0 0 0 0 0
30 1 0 0 1 0 0 0 0 0
fl=/build/eglibc-oGUzwX/eglibc-2.19/misc/../sysdeps/unix/syscall-template.S
fn=mmap
81 60 11 3 0 0 0 0 0 0
82 12 0 0 12 0 0 0 0 0
fn=mprotect
81 24 5 1 0 0 0 0 0 0
82 6 0 0 6 0 0 0 0 0
fn=munmap
81 4 0 0 0 0 0 0 0 0
82 1 0 0 1 0 0 0 0 0
fl=/build/eglibc-oGUzwX/eglibc-2.19/misc/../sysdeps/unix/sysv/linux/x86_64/brk.c
fn=brk
28 2 0 0 0 0 0 0 0 0
31 16 1 1 2 0 0 2 0 0
33 4 0 0 0 0 0 0 0 0
39 2 0 0 0 0 0 0 0 0
40 2 0 0 2 0 0 0 0 0
fl=/build/eglibc-oGUzwX/eglibc-2.19/misc/init-misc.c
fn=__init_misc
30 4 1 1 0 0 0 2 0 0
31 5 0 0 1 0 0 0 0 0
33 3 0 0 0 0 0 1 0 0
37 5 0 0 1 1 0 1 1 0
38 3 1 1 2 0 0 1 0 0
40 4 0 0 3 0 0 0 0 0
fl=/build/eglibc-oGUzwX/eglibc-2.19/misc/sbrk.c
fn=sbrk
34 20 2 1 0 0 0 15 0 0
42 32 2 1 14 6 1 0 0 0
43 6 1 1 1 0 0 1 0 0
46 10 0 0 0 0 0 0 0 0
50 4 0 0 0 0 0 0 0 0
53 3 0 0 0 0 0 1 0 0
57 25 0 0 20 0 0 0 0 0
fl=/build/eglibc-oGUzwX/eglibc-2.19/nptl/../nptl/sysdeps/unix/sysv/linux/register-atfork.c
fn=__linkin_atfork
116 2 1 1 1 1 1 1 0 0
117 6 0 0 2 1 0 0 0 0
119 1 0 0 1 0 0 0 0 0
fl=/build/eglibc-oGUzwX/eglibc-2.19/nptl/../nptl/sysdeps/unix/sysv/linux/unregister-atfork.c
fn=__unregister_atfork
28 4 0 0 0 0 0 2 0 0
36 2 1 1 2 2 0 0 0 0
39 8 0 0 0 0 0 0 0 0
40 6 0 0 2 2 0 0 0 0
45 2 0 0 2 2 0 0 0 0
121 4 0 0 4 0 0 0 0 0
fl=/build/eglibc-oGUzwX/eglibc-2.19/posix/../sysdeps/unix/syscall-template.S
fn=uname
81 4 1 1 0 0 0 0 0 0
82 1 0 0 1 0 0 0 0 0
fl=/build/eglibc-oGUzwX/eglibc-2.19/posix/../sysdeps/unix/sysv/linux/_exit.c
fn=_Exit
28 2 1 1 1 1 0 0 0 0
32 4 0 0 0 0 0 0 0 0
34 2 0 0 0 0 0 0 0 0
fl=/build/eglibc-oGUzwX/eglibc-2.19/setjmp/../sysdeps/x86_64/bsd-_setjmp.S
fn=_setjmp
30 1 1 1 0 0 0 0 0 0
32 1 0 0 0 0 0 0 0 0
fl=/build/eglibc-oGUzwX/eglibc-2.19/setjmp/../sysdeps/x86_64/setjmp.S
fn=__sigsetjmp
26 4 4 2 0 0 0 4 0 0
35 4 0 0 0 0 0 0 0 0
36 8 4 2 4 1 0 0 0 0
37 4 0 0 0 0 0 4 0 0
41 4 0 0 0 0 0 4 0 0
42 4 0 0 0 0 0 4 1 1
43 4 0 0 0 0 0 4 0 0
44 4 0 0 0 0 0 4 1 0
45 4 0 0 0 0 0 0 0 0
47 8 0 0 4 0 0 0 0 0
49 4 0 0 0 0 0 4 0 0
50 4 0 0 4 0 0 0 0 0
53 8 0 0 4 0 0 0 0 0
55 4 1 1 0 0 0 4 0 0
59 3 0 0 0 0 0 0 0 0
60 3 0 0 3 0 0 0 0 0
64 1 0 0 0 0 0 0 0 0
fl=/build/eglibc-oGUzwX/eglibc-2.19/setjmp/sigjmp.c
fn=__sigjmp_save
28 2 0 0 0 0 0 1 0 0
29 4 0 0 0 0 0 1 0 0
34 3 0 0 2 0 0 0 0 0
fl=/build/eglibc-oGUzwX/eglibc-2.19/stdio-common/../include/rounding-mode.h
fn=__printf_fp
52 2 1 1 0 0 0 0 0 0
fl=/build/eglibc-oGUzwX/eglibc-2.19/stdio-common/../nptl/sysdeps/pthread/allocalim.h
fn=__printf_fp
28 2 0 0 0 0 0 0 0 0
fl=/build/eglibc-oGUzwX/eglibc-2.19/stdio-common/../sysdeps/generic/get-rounding-mode.h
fn=__printf_fp
93 1 1 1 0 0 0 1 0 0
94 7 1 1 1 0 0 0 0 0
fl=/build/eglibc-oGUzwX/eglibc-2.19/stdio-common/printf-parse.h
fn=vfprintf
108 8 0 0 0 0 0 4 1 1
fl=/build/eglibc-oGUzwX/eglibc-2.19/stdio-common/printf.c
fn=printf
28 17 2 2 0 0 0 13 0 0
32 6 1 1 0 0 0 4 0 0
33 4 0 0 2 2 0 1 0 0
37 2 1 0 1 1 1 0 0 0
fl=/build/eglibc-oGUzwX/eglibc-2.19/stdio-common/printf_fp.c
fn=__printf_fp
161 10 1 1 0 0 0 6 0 0
175 1 0 0 0 0 0 1 0 0
176 1 1 1 0 0 0 1 0 0
194 1 1 1 0 0 0 1 0 0
196 1 0 0 0 0 0 1 1 1
208 1 1 1 0 0 0 0 0 0
215 6 0 0 1 0 0 1 0 0
274 2 0 0 0 0 0 0 0 0
276 6 0 0 4 4 0 2 0 0
277 2 0 0 1 0 0 1 0 0
300 3 1 1 1 0 0 0 0 0
342 1 1 1 0 0 0 1 0 0
349 2 0 0 0 0 0 0 0 0
351 1 0 0 1 0 0 0 0 0
396 3 1 1 1 0 0 1 0 0
400 3 0 0 0 0 0 1 1 1
415 5 1 1 1 0 0 1 0 0
431 10 2 2 1 0 0 3 0 0
435 4 0 0 0 0 0 0 0 0
471 7 1 1 1 0 0 0 0 0
472 1 0 0 0 0 0 0 0 0
473 1 0 0 0 0 0 0 0 0
474 1 0 0 0 0 0 0 0 0
475 6 0 0 0 0 0 1 0 0
476 4 1 1 0 0 0 1 0 0
477 4 0 0 0 0 0 1 0 0
483 1 0 0 0 0 0 1 0 0
484 2 0 0 0 0 0 0 0 0
493 3 0 0 0 0 0 0 0 0
501 9 1 1 0 0 0 1 1 1
503 6 1 1 0 0 0 0 0 0
504 10 0 0 2 0 0 1 0 0
505 12 2 2 0 0 0 2 0 0
506 6 1 1 2 0 0 2 0 0
508 2 1 1 0 0 0 0 0 0
513 13 1 1 0 0 0 0 0 0
517 65 0 0 13 5 5 0 0 0
519 2 0 0 0 0 0 0 0 0
542 1 0 0 1 0 0 0 0 0
543 6 0 0 2 0 0 1 0 0
558 9 0 0 3 0 0 1 0 0
561 5 0 0 2 0 0 2 0 0
562 4 1 1 3 0 0 0 0 0
563 4 0 0 0 0 0 0 0 0
564 5 0 0 1 0 0 0 0 0
567 13 0 0 0 0 0 0 0 0
569 51 0 0 12 0 0 0 0 0
570 2 0 0 1 0 0 1 0 0
576 5 1 1 1 0 0 0 0 0
580 11 1 1 4 0 0 0 0 0
584 3 1 1 1 0 0 0 0 0
586 2 0 0 0 0 0 0 0 0
612 2 1 1 1 0 0 0 0 0
615 6 1 1 0 0 0 0 0 0
623 1 1 1 0 0 0 0 0 0
631 7 0 0 0 0 0 2 0 0
633 2 1 1 0 0 0 0 0 0
646 1 0 0 1 0 0 0 0 0
647 7 0 0 3 0 0 1 0 0
650 9 1 1 3 0 0 1 0 0
828 2 0 0 1 0 0 1 0 0
837 1 0 0 0 0 0 1 0 0
838 6 0 0 4 3 2 1 0 0
840 2 1 1 0 0 0 0 0 0
850 2 0 0 1 0 0 0 0 0
852 1 0 0 0 0 0 1 0 0
853 9 3 3 2 0 0 3 0 0
854 1 0 0 0 0 0 1 0 0
855 1 0 0 0 0 0 1 0 0
856 3 0 0 1 0 0 0 0 0
858 3 0 0 1 0 0 1 0 0
860 2 0 0 0 0 0 1 0 0
898 3 1 1 1 0 0 0 0 0
912 6 1 1 1 0 0 0 0 0
913 1 0 0 1 0 0 0 0 0
919 2 1 1 1 0 0 0 0 0
920 1 0 0 0 0 0 1 0 0
921 1 0 0 0 0 0 1 0 0
929 6 1 1 1 0 0 1 0 0
930 2 0 0 1 0 0 0 0 0
933 3 0 0 1 0 0 0 0 0
936 22 2 2 7 0 0 3 0 0
939 8 0 0 0 0 0 4 1 1
941 1 1 1 0 0 0 1 0 0
942 2 0 0 1 0 0 0 0 0
943 3 0 0 1 0 0 0 0 0
945 6 0 0 2 0 0 1 0 0
957 3 0 0 0 0 0 1 0 0
958 18 0 0 7 0 0 7 0 0
959 21 1 1 0 0 0 0 0 0
960 6 1 1 1 0 0 0 0 0
962 6 0 0 0 0 0 0 0 0
963 18 0 0 6 0 0 12 0 0
964 18 1 1 0 0 0 0 0 0
975 3 0 0 2 0 0 0 0 0
976 4 0 0 1 0 0 3 0 0
978 6 1 1 2 0 0 0 0 0
979 2 0 0 0 0 0 0 0 0
980 7 1 1 3 0 0 0 0 0
982 1 0 0 0 0 0 0 0 0
983 2 0 0 1 0 0 0 0 0
1036 1 1 1 0 0 0 0 0 0
1094 3 1 1 0 0 0 0 0 0
1101 2 0 0 0 0 0 0 0 0
1104 2 1 1 1 0 0 0 0 0
1117 3 1 1 1 0 0 0 0 0
1163 6 1 1 2 0 0 0 0 0
1165 7 1 1 1 0 0 2 0 0
1167 7 0 0 1 0 0 0 0 0
1170 2 0 0 0 0 0 0 0 0
1172 3 1 1 1 0 0 0 0 0
1174 2 1 1 0 0 0 0 0 0
1175 6 2 2 4 0 0 0 0 0
1177 4 1 1 1 0 0 0 0 0
1186 3 0 0 1 0 0 0 0 0
1192 3 0 0 1 0 0 0 0 0
1196 4 1 1 1 0 0 3 0 0
1198 4 0 0 2 0 0 0 0 0
1199 2 0 0 0 0 0 1 0 0
1203 2 1 1 1 0 0 0 0 0
1204 2 0 0 1 0 0 0 0 0
1205 2 1 1 1 0 0 0 0 0
1216 5 0 0 0 0 0 0 0 0
1217 2 0 0 0 0 0 1 0 0
1223 41 1 1 2 0 0 4 0 0
1224 27 0 0 9 0 0 0 0 0
1225 5 0 0 2 0 0 1 0 0
1226 16 0 0 0 0 0 0 0 0
1229 16 0 0 0 0 0 8 0 0
1232 1 0 0 0 0 0 0 0 0
1233 2 1 1 1 0 0 0 0 0
1250 176 6 6 46 0 0 27 0 0
1253 2 1 1 1 0 0 0 0 0
1260 3 0 0 1 0 0 0 0 0
1264 8 1 1 7 0 0 0 0 0
fn=hack_digit.13665
231 36 1 1 0 0 0 18 0 0
234 27 0 0 9 0 0 0 0 0
236 27 1 1 9 0 0 0 0 0
243 27 0 0 9 0 0 0 0 0
247 54 1 1 27 0 0 9 0 0
248 45 0 0 27 0 0 9 0 0
249 9 0 0 9 0 0 0 0 0
251 9 1 1 0 0 0 9 0 0
252 63 0 0 18 0 0 0 0 0
263 27 0 0 0 0 0 9 0 0
264 18 0 0 0 0 0 0 0 0
265 35 0 0 14 0 0 14 0 0
269 63 1 1 27 0 0 0 0 0
fl=/build/eglibc-oGUzwX/eglibc-2.19/stdio-common/vfprintf.c
fn=vfprintf
235 11 1 1 0 0 0 6 0 0
240 1 1 1 0 0 0 1 0 0
270 3 0 0 2 2 1 1 1 1
274 1 0 0 0 0 0 1 0 0
277 1 0 0 0 0 0 1 1 1
283 1 0 0 0 0 0 1 0 0
1295 4 1 1 1 1 0 1 0 0
1299 5 0 0 1 1 1 0 0 0
1310 2 0 0 0 0 0 0 0 0
1317 1 0 0 0 0 0 1 0 0
1321 6 1 1 3 0 0 3 1 1
1325 1 0 0 0 0 0 1 0 0
1332 1 0 0 0 0 0 1 0 0
1336 10 2 2 2 1 0 4 1 1
1337 15 1 1 8 2 1 1 0 0
1340 13 2 2 3 1 0 3 0 0
1344 3 1 1 2 0 0 0 0 0
1348 7 1 1 3 2 0 0 0 0
1375 1 0 0 0 0 0 1 1 1
1376 1 1 1 0 0 0 1 0 0
1377 1 0 0 0 0 0 1 0 0
1378 1 0 0 0 0 0 1 0 0
1379 1 0 0 0 0 0 1 0 0
1380 1 0 0 0 0 0 1 0 0
1381 1 0 0 0 0 0 1 0 0
1382 1 1 1 0 0 0 1 0 0
1383 1 0 0 0 0 0 1 0 0
1384 1 0 0 0 0 0 1 0 0
1385 1 0 0 0 0 0 1 0 0
1388 1 0 0 0 0 0 1 0 0
1389 1 0 0 0 0 0 1 0 0
1392 1 0 0 0 0 0 1 0 0
1393 1 0 0 0 0 0 0 0 0
1396 17 2 2 4 2 2 2 0 0
1559 3 0 0 0 0 0 1 0 0
1580 2 0 0 0 0 0 1 1 1
1660 81 9 8 18 0 0 16 1 1
1680 2 1 1 1 0 0 0 0 0
1682 1 0 0 0 0 0 1 0 0
1688 4 1 1 1 0 0 2 0 0
1692 23 1 1 5 1 0 3 0 0
1694 2 0 0 1 0 0 0 0 0
2091 2 1 1 1 0 0 0 0 0
2093 2 0 0 1 0 0 0 0 0
2095 2 0 0 1 0 0 0 0 0
2098 10 2 1 5 1 0 1 0 0
2099 3 1 1 1 0 0 0 0 0
2101 1 1 0 1 0 0 0 0 0
2102 8 0 0 7 0 0 0 0 0
fl=/build/eglibc-oGUzwX/eglibc-2.19/stdlib/../stdlib/strtol.c
fn=strtol
108 4 1 1 2 2 0 0 0 0
fl=/build/eglibc-oGUzwX/eglibc-2.19/stdlib/../stdlib/strtol_l.c
fn=____strtol_l_internal
232 9 2 2 0 0 0 7 0 0
246 1 0 0 1 1 0 0 0 0
252 1 0 0 0 0 0 0 0 0
258 2 0 0 0 0 0 0 0 0
279 1 0 0 0 0 0 0 0 0
280 1 0 0 0 0 0 0 0 0
289 4 0 0 0 0 0 0 0 0
298 6 0 0 3 3 1 0 0 0
300 2 1 1 0 0 0 0 0 0
304 1 0 0 0 0 0 1 0 0
305 2 0 0 0 0 0 0 0 0
310 2 0 0 0 0 0 0 0 0
314 2 1 1 0 0 0 0 0 0
324 2 0 0 0 0 0 0 0 0
331 3 0 0 0 0 0 0 0 0
334 5 1 1 0 0 0 0 0 0
376 1 0 0 0 0 0 0 0 0
379 3 0 0 1 1 1 0 0 0
380 3 1 1 1 1 1 1 0 0
382 1 0 0 0 0 0 0 0 0
383 1 0 0 0 0 0 0 0 0
384 1 0 0 0 0 0 0 0 0
438 17 1 1 3 0 0 0 0 0
440 9 1 1 0 0 0 0 0 0
442 9 0 0 0 0 0 0 0 0
456 2 0 0 0 0 0 1 0 0
470 9 1 1 0 0 0 0 0 0
473 12 0 0 0 0 0 0 0 0
478 4 0 0 0 0 0 0 0 0
479 6 0 0 0 0 0 0 0 0
484 2 0 0 0 0 0 0 0 0
489 3 0 0 1 0 0 0 0 0
495 2 0 0 0 0 0 0 0 0
496 3 2 2 0 0 0 0 0 0
498 3 0 0 1 0 0 0 0 0
513 1 0 0 0 0 0 0 0 0
531 8 0 0 7 0 0 0 0 0
fl=/build/eglibc-oGUzwX/eglibc-2.19/stdlib/../sysdeps/ieee754/dbl-64/dbl2mpn.c
fn=__mpn_extract_double
35 2 1 1 1 0 0 1 0 0
37 3 0 0 0 0 0 1 0 0
38 5 0 0 0 0 0 1 0 0
47 3 1 1 0 0 0 1 0 0
56 3 0 0 0 0 0 0 0 0
103 3 0 0 0 0 0 1 0 0
107 2 1 1 1 0 0 0 0 0
fl=/build/eglibc-oGUzwX/eglibc-2.19/stdlib/../sysdeps/x86_64/lshift.S
fn=__mpn_lshift
29 1 1 1 0 0 0 0 0 0
30 1 0 0 0 0 0 0 0 0
32 1 0 0 0 0 0 0 0 0
33 1 0 0 0 0 0 0 0 0
34 1 0 0 0 0 0 0 0 0
46 1 1 1 0 0 0 0 0 0
47 1 0 0 0 0 0 0 0 0
48 1 0 0 1 0 0 0 0 0
49 1 0 0 0 0 0 0 0 0
50 1 0 0 0 0 0 0 0 0
51 1 0 0 0 0 0 0 0 0
52 1 0 0 0 0 0 0 0 0
58 1 0 0 0 0 0 0 0 0
59 1 0 0 0 0 0 1 0 0
60 1 0 0 1 0 0 0 0 0
fl=/build/eglibc-oGUzwX/eglibc-2.19/stdlib/../sysdeps/x86_64/mul_1.S
fn=__mpn_mul_1
32 9 1 1 0 0 0 9 0 0
35 9 0 0 0 0 0 0 0 0
36 9 0 0 9 0 0 0 0 0
37 9 0 0 0 0 0 0 0 0
38 9 0 0 0 0 0 0 0 0
39 9 0 0 0 0 0 0 0 0
41 9 0 0 0 0 0 0 0 0
42 9 0 0 0 0 0 0 0 0
44 9 0 0 0 0 0 0 0 0
45 9 0 0 0 0 0 0 0 0
46 9 0 0 0 0 0 0 0 0
47 9 0 0 0 0 0 0 0 0
48 9 0 0 0 0 0 0 0 0
50 9 0 0 0 0 0 0 0 0
51 9 0 0 0 0 0 0 0 0
52 9 0 0 0 0 0 9 0 0
53 9 0 0 0 0 0 0 0 0
122 9 1 1 0 0 0 0 0 0
124 9 0 0 9 0 0 0 0 0
127 9 0 0 9 0 0 0 0 0
fl=/build/eglibc-oGUzwX/eglibc-2.19/stdlib/../sysdeps/x86_64/rshift.S
fn=__mpn_rshift
29 2 1 1 0 0 0 0 0 0
30 2 0 0 0 0 0 0 0 0
31 2 0 0 0 0 0 0 0 0
44 2 1 1 0 0 0 0 0 0
45 2 0 0 0 0 0 0 0 0
61 2 0 0 0 0 0 0 0 0
62 2 0 0 2 0 0 0 0 0
63 2 0 0 2 0 0 0 0 0
64 2 1 1 0 0 0 0 0 0
65 2 0 0 0 0 0 0 0 0
66 2 0 0 0 0 0 0 0 0
67 2 0 0 0 0 0 0 0 0
72 2 0 0 0 0 0 0 0 0
73 2 0 0 0 0 0 2 0 0
74 2 0 0 0 0 0 0 0 0
75 2 0 0 0 0 0 2 0 0
76 2 0 0 2 0 0 0 0 0
fl=/build/eglibc-oGUzwX/eglibc-2.19/stdlib/atoi.c
fn=atoi
26 1 1 1 0 0 0 0 0 0
27 3 0 0 0 0 0 1 0 0
28 2 0 0 1 0 0 0 0 0
fl=/build/eglibc-oGUzwX/eglibc-2.19/stdlib/cmp.c
fn=__mpn_cmp
42 2 1 1 0 0 0 0 0 0
44 1 1 1 1 0 0 0 0 0
45 1 0 0 1 0 0 0 0 0
46 2 0 0 0 0 0 0 0 0
54 5 0 0 1 0 0 0 0 0
fl=/build/eglibc-oGUzwX/eglibc-2.19/stdlib/cxa_atexit.c
fn=__cxa_atexit
35 2 0 0 0 0 0 1 0 0
37 2 0 0 0 0 0 0 0 0
41 3 1 1 1 0 0 0 0 0
43 1 0 0 0 0 0 1 0 0
44 1 0 0 0 0 0 1 0 0
45 1 0 0 0 0 0 1 0 0
47 1 0 0 0 0 0 1 0 0
48 1 0 0 0 0 0 0 0 0
57 6 1 1 0 0 0 3 0 0
59 4 0 0 4 0 0 0 0 0
fn=__new_exitfn
73 4 1 1 0 0 0 2 0 0
74 2 0 0 0 0 0 0 0 0
79 6 1 1 2 2 2 0 0 0
81 8 1 1 2 1 0 0 0 0
83 3 0 0 1 1 0 0 0 0
91 1 0 0 0 0 0 1 0 0
112 1 1 1 0 0 0 0 0 0
113 2 0 0 0 0 0 1 0 0
126 1 1 1 0 0 0 1 0 0
127 1 0 0 1 1 1 0 0 0
130 4 0 0 2 0 0 0 0 0
133 5 0 0 3 0 0 0 0 0
fl=/build/eglibc-oGUzwX/eglibc-2.19/stdlib/cxa_finalize.c
fn=__cxa_finalize
31 16 1 1 0 0 0 12 0 0
35 14 2 2 4 1 0 0 0 0
39 12 0 0 2 1 0 0 0 0
48 2 0 0 0 0 0 0 0 0
67 14 0 0 4 0 0 0 0 0
71 12 1 1 2 2 0 0 0 0
79 4 0 0 0 0 0 0 0 0
80 4 0 0 0 0 0 0 0 0
82 14 1 1 12 0 0 0 0 0
fl=/build/eglibc-oGUzwX/eglibc-2.19/stdlib/cxa_thread_atexit_impl.c
fn=__call_tls_dtors
82 3 1 1 0 0 0 3 0 0
83 5 1 1 1 1 0 1 0 0
101 4 1 1 4 1 0 0 0 0
fl=/build/eglibc-oGUzwX/eglibc-2.19/stdlib/divrem.c
fn=__mpn_divrem
56 126 1 1 0 0 0 90 3 3
57 9 0 0 0 0 0 0 0 0
59 18 1 1 0 0 0 0 0 0
72 9 1 1 9 0 0 0 0 0
73 9 1 1 9 0 0 0 0 0
75 18 0 0 0 0 0 0 0 0
77 1 1 1 0 0 0 0 0 0
78 2 0 0 0 0 0 0 0 0
81 36 0 0 18 0 0 0 0 0
82 53 0 0 0 0 0 0 0 0
83 21 0 0 7 0 0 7 0 0
84 9 0 0 0 0 0 0 0 0
86 27 1 1 9 0 0 0 0 0
89 9 0 0 0 0 0 9 0 0
91 9 0 0 0 0 0 0 0 0
244 72 0 0 63 0 0 0 0 0
fl=/build/eglibc-oGUzwX/eglibc-2.19/stdlib/exit.c
fn=__run_exit_handlers
35 8 1 1 0 0 0 4 0 0
40 2 0 0 1 1 0 1 0 0
46 8 1 0 2 1 0 0 0 0
50 6 2 1 0 0 0 0 0 0
52 1 0 0 0 0 0 1 0 0
53 1 0 0 0 0 0 0 0 0
54 5 0 0 1 0 0 0 0 0
78 1 1 1 1 0 0 0 0 0
80 2 0 0 1 0 0 0 0 0
82 3 0 0 1 0 0 1 0 0
83 1 1 0 0 0 0 0 0 0
87 2 0 0 1 0 0 1 0 0
88 2 0 0 0 0 0 0 0 0
94 2 1 1 0 0 0 0 0 0
95 8 0 0 1 1 0 1 0 0
97 2 0 0 0 0 0 1 0 0
fn=exit
103 1 0 0 0 0 0 0 0 0
104 3 1 1 0 0 0 1 0 0
fl=/build/eglibc-oGUzwX/eglibc-2.19/stdlib/rand.c
fn=rand
26 250000 1 1 0 0 0 0 0 0
27 250000 0 0 0 0 0 250000 0 0
28 500000 0 0 250000 0 0 0 0 0
fl=/build/eglibc-oGUzwX/eglibc-2.19/stdlib/random.c
fn=random
293 250000 1 1 0 0 0 0 0 0
296 1500000 1 1 500000 994 0 0 0 0
298 750000 0 0 0 0 0 250000 0 0
300 1000000 1 1 500000 0 0 0 0 0
302 250000 0 0 250000 0 0 0 0 0
303 500000 0 0 250000 0 0 0 0 0
fn=srand
210 2 1 1 0 0 0 0 0 0
211 6 1 1 2 1 1 0 0 0
212 3 0 0 0 0 0 1 0 0
213 4 1 1 2 0 0 0 0 0
214 2 0 0 1 0 0 0 0 0
fl=/build/eglibc-oGUzwX/eglibc-2.19/stdlib/random_r.c
fn=random_r
366 1001240 1 1 0 0 0 0 0 0
369 258384 0 0 250310 0 0 0 0 0
371 750930 0 0 250310 1 0 0 0 0
380 250310 0 0 250310 0 0 0 0 0
381 250310 0 0 250310 0 0 0 0 0
382 250310 0 0 250310 0 0 0 0 0
385 750930 0 0 500620 1 0 250310 0 0
387 500620 1 1 0 0 0 250310 0 0
388 250310 0 0 0 0 0 0 0 0
389 500620 0 0 0 0 0 0 0 0
392 8074 0 0 0 0 0 0 0 0
396 242236 0 0 0 0 0 0 0 0
397 484472 0 0 0 0 0 0 0 0
400 250310 0 0 0 0 0 250310 0 0
401 500620 0 0 250310 0 0 250310 0 0
403 250310 0 0 0 0 0 0 0 0
fn=srandom_r
164 5 1 1 0 0 0 3 0 0
172 2 1 1 0 0 0 0 0 0
174 1 0 0 1 1 0 0 0 0
175 2 0 0 0 0 0 0 0 0
178 1 0 0 1 0 0 0 0 0
180 3 0 0 0 0 0 0 0 0
182 1 0 0 0 0 0 1 1 1
183 2 0 0 0 0 0 0 0 0
188 1 0 0 1 0 0 0 0 0
189 95 2 2 0 0 0 0 0 0
194 211 0 0 0 0 0 0 0 0
195 60 0 0 0 0 0 0 0 0
196 90 0 0 0 0 0 0 0 0
198 90 0 0 0 0 0 0 0 0
199 30 0 0 0 0 0 30 1 1
202 3 0 0 1 1 0 1 0 0
203 2 0 0 0 0 0 1 0 0
204 1 0 0 0 0 0 0 0 0
205 934 1 1 0 0 0 0 0 0
208 930 0 0 0 0 0 310 0 0
212 1 0 0 0 0 0 0 0 0
216 5 0 0 4 0 0 0 0 0
fl=/build/eglibc-oGUzwX/eglibc-2.19/string/../bits/stdlib-bsearch.h
fn=intel_check_word
27 8 1 1 0 0 0 0 0 0
28 16 0 0 0 0 0 0 0 0
29 110 1 1 0 0 0 0 0 0
31 154 0 0 0 0 0 0 0 0
32 54 1 1 0 0 0 0 0 0
37 8 0 0 0 0 0 0 0 0
fl=/build/eglibc-oGUzwX/eglibc-2.19/string/../string/memcmp.c
fn=bcmp
105 10 0 0 10 0 0 0 0 0
106 20 0 0 10 0 0 0 0 0
110 22 2 1 0 0 0 0 0 0
111 6 1 1 0 0 0 0 0 0
129 21 2 1 0 0 0 0 0 0
133 3 2 1 3 3 2 0 0 0
134 3 0 0 3 0 0 0 0 0
135 3 0 0 0 0 0 0 0 0
136 3 0 0 0 0 0 0 0 0
137 3 2 1 0 0 0 0 0 0
183 3 0 0 3 0 0 0 0 0
184 3 0 0 3 0 0 0 0 0
185 18 0 0 0 0 0 4 1 1
192 2 1 1 0 0 0 0 0 0
197 2 1 1 0 0 0 0 0 0
221 1 0 0 0 0 0 0 0 0
222 2 0 0 0 0 0 0 0 0
226 2 0 0 0 0 0 0 0 0
228 7 1 1 0 0 0 0 0 0
232 1 0 0 1 0 0 0 0 0
233 1 0 0 1 0 0 0 0 0
234 1 0 0 1 0 0 0 0 0
235 1 0 0 0 0 0 0 0 0
236 1 0 0 0 0 0 0 0 0
237 1 0 0 0 0 0 0 0 0
289 1 0 0 1 0 0 0 0 0
290 1 0 0 1 0 0 0 0 0
291 6 0 0 0 0 0 0 0 0
292 2 0 0 0 0 0 0 0 0
299 2 0 0 0 0 0 0 0 0
304 6 1 1 0 0 0 0 0 0
305 2 0 0 0 0 0 0 0 0
315 84 6 2 0 0 0 72 2 1
318 12 0 0 0 0 0 0 0 0
319 12 0 0 0 0 0 0 0 0
322 24 0 0 0 0 0 0 0 0
326 12 0 0 0 0 0 0 0 0
342 12 2 1 0 0 0 0 0 0
343 8 0 0 0 0 0 0 0 0
346 4 0 0 0 0 0 0 0 0
350 6 1 0 0 0 0 0 0 0
351 2 0 0 0 0 0 0 0 0
352 2 0 0 0 0 0 0 0 0
356 148 3 1 0 0 0 0 0 0
358 65 0 0 65 1 1 0 0 0
359 65 0 0 65 7 6 0 0 0
360 65 0 0 0 0 0 0 0 0
363 210 0 0 0 0 0 0 0 0
368 9 3 1 0 0 0 0 0 0
369 96 0 0 84 0 0 0 0 0
fl=/build/eglibc-oGUzwX/eglibc-2.19/string/../sysdeps/x86_64/memcpy.S
fn=__GI_mempcpy
61 3 2 1 0 0 0 0 0 0
65 3 0 0 0 0 0 0 0 0
68 3 0 0 0 0 0 0 0 0
69 3 0 0 0 0 0 0 0 0
71 2 0 0 2 0 0 0 0 0
72 2 0 0 0 0 0 2 0 0
74 2 0 0 0 0 0 0 0 0
75 2 0 0 0 0 0 0 0 0
80 3 0 0 0 0 0 0 0 0
81 3 0 0 0 0 0 0 0 0
83 1 0 0 1 0 0 0 0 0
84 1 0 0 0 0 0 1 1 0
86 1 0 0 0 0 0 0 0 0
87 1 0 0 0 0 0 0 0 0
92 3 0 0 0 0 0 0 0 0
93 3 0 0 0 0 0 0 0 0
104 3 0 0 0 0 0 0 0 0
105 3 0 0 0 0 0 0 0 0
107 1 1 0 1 0 0 0 0 0
108 1 0 0 0 0 0 1 0 0
110 1 0 0 0 0 0 0 0 0
111 2 0 0 0 0 0 0 0 0
116 3 1 1 0 0 0 0 0 0
117 3 0 0 0 0 0 0 0 0
138 3 0 0 0 0 0 0 0 0
142 3 0 0 3 0 0 0 0 0
fn=mempcpy
61 15 5 1 0 0 0 0 0 0
65 15 0 0 0 0 0 0 0 0
68 14 0 0 0 0 0 0 0 0
69 14 0 0 0 0 0 0 0 0
71 5 0 0 5 2 1 0 0 0
72 5 0 0 0 0 0 5 1 1
74 5 2 1 0 0 0 0 0 0
75 5 0 0 0 0 0 0 0 0
80 14 2 0 0 0 0 0 0 0
81 14 0 0 0 0 0 0 0 0
83 10 0 0 10 1 0 0 0 0
84 10 0 0 0 0 0 10 0 0
86 10 0 0 0 0 0 0 0 0
87 10 0 0 0 0 0 0 0 0
92 14 0 0 0 0 0 0 0 0
93 14 0 0 0 0 0 0 0 0
95 5 0 0 5 0 0 0 0 0
96 5 0 0 0 0 0 5 0 0
98 5 0 0 0 0 0 0 0 0
99 5 0 0 0 0 0 0 0 0
104 14 0 0 0 0 0 0 0 0
105 14 0 0 0 0 0 0 0 0
107 7 0 0 7 0 0 0 0 0
108 7 0 0 0 0 0 7 2 1
110 7 0 0 0 0 0 0 0 0
111 14 0 0 0 0 0 0 0 0
116 14 3 1 0 0 0 0 0 0
117 16 0 0 0 0 0 0 0 0
122 2 0 0 2 1 0 0 0 0
123 2 0 0 2 0 0 0 0 0
124 2 0 0 0 0 0 2 1 1
125 2 0 0 0 0 0 2 0 0
127 2 0 0 0 0 0 0 0 0
129 2 0 0 0 0 0 0 0 0
130 2 0 0 0 0 0 0 0 0
132 2 0 0 0 0 0 0 0 0
138 14 0 0 0 0 0 0 0 0
142 14 0 0 14 0 0 0 0 0
154 2 2 0 0 0 0 0 0 0
156 2 0 0 0 0 0 0 0 0
157 2 0 0 0 0 0 0 0 0
183 2 2 1 0 0 0 0 0 0
184 2 0 0 0 0 0 0 0 0
187 2 0 0 0 0 0 0 0 0
188 2 0 0 0 0 0 0 0 0
189 2 0 0 0 0 0 0 0 0
194 2 0 0 0 0 0 0 0 0
196 2 0 0 2 0 0 0 0 0
197 2 0 0 2 0 0 0 0 0
198 2 0 0 2 0 0 0 0 0
199 2 2 1 2 0 0 0 0 0
201 2 0 0 0 0 0 2 0 0
202 2 0 0 0 0 0 2 1 1
203 2 0 0 0 0 0 2 0 0
204 2 0 0 0 0 0 2 1 1
206 2 0 0 0 0 0 0 0 0
207 2 0 0 0 0 0 0 0 0
209 2 0 0 0 0 0 0 0 0
231 2 2 1 0 0 0 0 0 0
233 2 0 0 0 0 0 0 0 0
235 1 0 0 0 0 0 0 0 0
242 1 0 0 1 0 0 0 0 0
fl=/build/eglibc-oGUzwX/eglibc-2.19/string/../sysdeps/x86_64/multiarch/../cacheinfo.c
fn=handle_intel
305 16 0 0 0 0 0 12 0 0
306 4 1 1 0 0 0 0 0 0
317 6 1 1 0 0 0 2 0 0
319 2 0 0 0 0 0 2 0 0
320 4 0 0 0 0 0 2 0 0
322 2 0 0 0 0 0 0 0 0
328 8 2 2 0 0 0 2 0 0
333 4 0 0 0 0 0 0 0 0
335 6 0 0 0 0 0 2 0 0
336 2 0 0 0 0 0 0 0 0
340 10 0 0 0 0 0 2 0 0
341 4 0 0 0 0 0 0 0 0
344 10 0 0 0 0 0 2 0 0
345 4 0 0 0 0 0 0 0 0
362 16 1 1 14 0 0 0 0 0
fn=init_cacheinfo
550 3 1 1 0 0 0 3 0 0
563 3 0 0 1 1 0 0 0 0
570 2 0 0 0 0 0 0 0 0
572 4 0 0 1 0 0 1 0 0
575 1 0 0 0 0 0 0 0 0
576 4 1 1 1 0 0 1 0 0
578 2 0 0 0 0 0 0 0 0
589 1 0 0 1 0 0 0 0 0
607 4 0 0 1 0 0 0 0 0
614 17 1 1 0 0 0 0 0 0
620 8 0 0 0 0 0 0 0 0
623 20 0 0 0 0 0 0 0 0
625 2 1 1 0 0 0 0 0 0
631 5 0 0 0 0 0 0 0 0
638 9 1 1 0 0 0 0 0 0
640 2 0 0 0 0 0 0 0 0
642 8 0 0 0 0 0 0 0 0
644 4 0 0 0 0 0 0 0 0
649 1 1 1 0 0 0 0 0 0
651 4 0 0 0 0 0 0 0 0
652 2 0 0 0 0 0 0 0 0
653 1 0 0 0 0 0 0 0 0
657 2 0 0 0 0 0 0 0 0
669 4 0 0 0 0 0 0 0 0
670 5 1 1 0 0 0 0 0 0
744 2 0 0 0 0 0 0 0 0
746 3 1 1 0 0 0 1 0 0
747 1 0 0 0 0 0 1 1 1
749 1 0 0 0 0 0 0 0 0
750 3 0 0 0 0 0 1 0 0
751 1 0 0 0 0 0 1 0 0
754 2 0 0 0 0 0 0 0 0
756 3 0 0 0 0 0 1 0 0
757 1 0 0 0 0 0 1 1 1
759 1 0 0 0 0 0 0 0 0
760 3 0 0 0 0 0 1 0 0
761 1 0 0 0 0 0 1 0 0
763 4 0 0 4 0 0 0 0 0
fn=intel_check_word
150 108 0 0 54 6 6 0 0 0
153 54 0 0 0 0 0 0 0 0
161 16 0 0 0 0 0 12 0 0
162 8 1 1 0 0 0 0 0 0
164 2 0 0 0 0 0 0 0 0
168 28 0 0 0 0 0 0 0 0
170 32 0 0 0 0 0 0 0 0
172 10 1 1 0 0 0 0 0 0
174 20 0 0 0 0 0 0 0 0
182 20 0 0 0 0 0 0 0 0
194 39 0 0 0 0 0 0 0 0
199 16 1 1 0 0 0 0 0 0
203 10 1 1 0 0 0 0 0 0
205 5 1 1 0 0 0 0 0 0
210 8 0 0 0 0 0 0 0 0
213 2 1 1 0 0 0 0 0 0
215 4 0 0 0 0 0 0 0 0
217 10 1 1 0 0 0 0 0 0
218 8 0 0 0 0 0 0 0 0
219 8 0 0 0 0 0 0 0 0
220 2 0 0 0 0 0 0 0 0
228 3 0 0 0 0 0 0 0 0
235 16 0 0 0 0 0 0 0 0
295 8 0 0 0 0 0 0 0 0
300 16 0 0 16 0 0 0 0 0
fl=/build/eglibc-oGUzwX/eglibc-2.19/string/../sysdeps/x86_64/multiarch/../memcpy.S
fn=__GI_memcpy
61 2 1 1 0 0 0 0 0 0
63 2 0 0 0 0 0 0 0 0
65 2 0 0 0 0 0 0 0 0
68 2 0 0 0 0 0 0 0 0
69 2 0 0 0 0 0 0 0 0
80 2 1 1 0 0 0 0 0 0
81 2 0 0 0 0 0 0 0 0
92 2 0 0 0 0 0 0 0 0
93 2 0 0 0 0 0 0 0 0
104 2 0 0 0 0 0 0 0 0
105 2 0 0 0 0 0 0 0 0
116 2 1 1 0 0 0 0 0 0
117 4 0 0 0 0 0 0 0 0
122 2 0 0 2 1 1 0 0 0
123 2 0 0 2 0 0 0 0 0
124 2 0 0 0 0 0 2 2 2
125 2 0 0 0 0 0 2 0 0
127 2 0 0 0 0 0 0 0 0
129 2 0 0 0 0 0 0 0 0
130 2 0 0 0 0 0 0 0 0
132 2 0 0 0 0 0 0 0 0
140 2 0 0 2 0 0 0 0 0
fn=memcpy
61 13 4 1 0 0 0 0 0 0
63 13 0 0 0 0 0 0 0 0
65 13 0 0 0 0 0 0 0 0
68 12 0 0 0 0 0 0 0 0
69 12 0 0 0 0 0 0 0 0
71 4 0 0 4 0 0 0 0 0
72 4 0 0 0 0 0 4 2 2
74 4 0 0 0 0 0 0 0 0
75 4 0 0 0 0 0 0 0 0
80 12 0 0 0 0 0 0 0 0
81 12 0 0 0 0 0 0 0 0
83 4 2 0 4 0 0 0 0 0
84 4 0 0 0 0 0 4 1 1
86 4 0 0 0 0 0 0 0 0
87 8 0 0 0 0 0 0 0 0
92 12 2 1 0 0 0 0 0 0
93 12 0 0 0 0 0 0 0 0
95 3 0 0 3 0 0 0 0 0
96 3 0 0 0 0 0 3 0 0
98 3 0 0 0 0 0 0 0 0
99 3 0 0 0 0 0 0 0 0
104 12 0 0 0 0 0 0 0 0
105 12 0 0 0 0 0 0 0 0
107 7 0 0 7 0 0 0 0 0
108 7 0 0 0 0 0 7 0 0
110 7 0 0 0 0 0 0 0 0
111 7 0 0 0 0 0 0 0 0
116 12 0 0 0 0 0 0 0 0
117 17 0 0 0 0 0 0 0 0
122 5 0 0 5 0 0 0 0 0
123 5 0 0 5 0 0 0 0 0
124 5 0 0 0 0 0 5 0 0
125 5 0 0 0 0 0 5 2 2
127 5 0 0 0 0 0 0 0 0
129 5 0 0 0 0 0 0 0 0
130 5 0 0 0 0 0 0 0 0
132 5 0 0 0 0 0 0 0 0
140 12 3 1 12 0 0 0 0 0
148 5 1 0 0 0 0 5 0 0
154 5 0 0 0 0 0 0 0 0
156 5 0 0 0 0 0 0 0 0
157 5 0 0 0 0 0 0 0 0
160 2 0 0 0 0 0 0 0 0
161 4 0 0 0 0 0 0 0 0
166 9 2 1 9 0 0 0 0 0
167 9 0 0 0 0 0 9 1 0
169 9 0 0 0 0 0 0 0 0
171 9 0 0 0 0 0 0 0 0
172 9 0 0 0 0 0 0 0 0
174 11 0 0 0 0 0 0 0 0
183 5 1 0 0 0 0 0 0 0
184 5 0 0 0 0 0 0 0 0
187 5 0 0 0 0 0 0 0 0
188 5 0 0 0 0 0 0 0 0
189 5 0 0 0 0 0 0 0 0
194 4 0 0 0 0 0 0 0 0
196 4 0 0 4 0 0 0 0 0
197 4 0 0 4 0 0 0 0 0
198 4 0 0 4 0 0 0 0 0
199 4 2 1 4 0 0 0 0 0
201 4 0 0 0 0 0 4 1 1
202 4 0 0 0 0 0 4 0 0
203 4 0 0 0 0 0 4 0 0
204 4 0 0 0 0 0 4 0 0
206 4 0 0 0 0 0 0 0 0
207 4 0 0 0 0 0 0 0 0
209 4 0 0 0 0 0 0 0 0
231 5 3 1 0 0 0 0 0 0
237 5 0 0 5 0 0 0 0 0
238 5 0 0 0 0 0 0 0 0
240 1 0 0 1 0 0 0 0 0
fl=/build/eglibc-oGUzwX/eglibc-2.19/string/../sysdeps/x86_64/multiarch/../rtld-strlen.S
fn=strlen
26 13 3 1 0 0 0 0 0 0
27 13 0 0 0 0 0 0 0 0
28 13 0 0 0 0 0 0 0 0
29 13 0 0 0 0 0 0 0 0
31 6 0 0 0 0 0 0 0 0
32 6 0 0 0 0 0 0 0 0
34 31 0 0 31 1 0 0 0 0
35 31 0 0 0 0 0 0 0 0
36 30 0 0 0 0 0 0 0 0
37 30 0 0 0 0 0 0 0 0
38 30 0 0 0 0 0 0 0 0
40 24 0 0 0 0 0 0 0 0
45 16 4 1 16 0 0 0 0 0
46 16 0 0 0 0 0 0 0 0
47 16 0 0 0 0 0 0 0 0
48 16 0 0 0 0 0 0 0 0
51 16 0 0 0 0 0 0 0 0
52 14 0 0 0 0 0 0 0 0
53 14 0 0 0 0 0 0 0 0
54 14 0 0 0 0 0 0 0 0
56 14 0 0 0 0 0 0 0 0
59 12 0 0 12 0 0 0 0 0
60 12 0 0 0 0 0 0 0 0
61 12 0 0 0 0 0 0 0 0
62 12 0 0 0 0 0 0 0 0
65 12 0 0 0 0 0 0 0 0
66 7 0 0 0 0 0 0 0 0
67 7 0 0 0 0 0 0 0 0
68 7 0 0 0 0 0 0 0 0
70 7 0 0 0 0 0 0 0 0
73 6 0 0 6 0 0 0 0 0
74 6 0 0 0 0 0 0 0 0
75 6 0 0 0 0 0 0 0 0
76 6 1 0 0 0 0 0 0 0
79 6 0 0 0 0 0 0 0 0
80 6 0 0 0 0 0 0 0 0
81 6 0 0 0 0 0 0 0 0
82 6 0 0 0 0 0 0 0 0
84 6 0 0 0 0 0 0 0 0
87 6 0 0 6 0 0 0 0 0
88 6 0 0 0 0 0 0 0 0
89 6 0 0 0 0 0 0 0 0
90 6 0 0 0 0 0 0 0 0
93 6 0 0 0 0 0 0 0 0
94 5 0 0 0 0 0 0 0 0
95 5 0 0 0 0 0 0 0 0
96 5 0 0 0 0 0 0 0 0
98 6 0 0 0 0 0 0 0 0
101 12 3 1 0 0 0 0 0 0
103 12 0 0 0 0 0 0 0 0
104 12 0 0 0 0 0 0 0 0
105 12 0 0 0 0 0 0 0 0
107 12 0 0 0 0 0 0 0 0
108 12 0 0 0 0 0 0 0 0
109 11 3 1 0 0 0 0 0 0
111 11 0 0 0 0 0 0 0 0
112 11 0 0 0 0 0 0 0 0
113 9 0 0 0 0 0 0 0 0
115 9 0 0 0 0 0 0 0 0
116 9 0 0 0 0 0 0 0 0
117 9 0 0 0 0 0 0 0 0
119 9 0 0 0 0 0 0 0 0
121 9 0 0 0 0 0 0 0 0
122 9 0 0 0 0 0 0 0 0
123 8 0 0 0 0 0 0 0 0
125 8 0 0 0 0 0 0 0 0
126 8 0 0 0 0 0 0 0 0
127 8 0 0 0 0 0 0 0 0
129 8 0 0 0 0 0 0 0 0
130 8 0 0 0 0 0 0 0 0
131 5 0 0 0 0 0 0 0 0
133 13 1 0 0 0 0 0 0 0
134 13 0 0 13 0 0 0 0 0
fl=/build/eglibc-oGUzwX/eglibc-2.19/string/../sysdeps/x86_64/multiarch/../strchr.S
fn=index
24 7 4 1 0 0 0 0 0 0
25 7 0 0 0 0 0 0 0 0
26 7 0 0 0 0 0 0 0 0
27 7 0 0 0 0 0 0 0 0
28 7 0 0 0 0 0 0 0 0
29 7 0 0 0 0 0 0 0 0
30 7 0 0 0 0 0 0 0 0
31 7 0 0 0 0 0 0 0 0
32 7 0 0 7 3 2 0 0 0
33 7 0 0 0 0 0 0 0 0
34 7 0 0 0 0 0 0 0 0
35 7 0 0 0 0 0 0 0 0
36 7 0 0 0 0 0 0 0 0
37 7 0 0 0 0 0 0 0 0
38 7 0 0 0 0 0 0 0 0
39 7 4 1 0 0 0 0 0 0
40 7 0 0 0 0 0 0 0 0
41 5 0 0 0 0 0 0 0 0
45 5 0 0 0 0 0 0 0 0
46 5 0 0 0 0 0 0 0 0
47 5 0 0 5 0 0 0 0 0
48 5 0 0 0 0 0 0 0 0
50 5 0 0 5 0 0 0 0 0
54 2 0 0 2 0 0 0 0 0
55 2 0 0 0 0 0 0 0 0
56 2 0 0 0 0 0 0 0 0
57 2 0 0 0 0 0 0 0 0
58 2 0 0 0 0 0 0 0 0
59 2 0 0 0 0 0 0 0 0
60 2 0 0 2 0 0 0 0 0
61 2 0 0 0 0 0 0 0 0
62 2 0 0 0 0 0 0 0 0
63 2 2 1 0 0 0 0 0 0
64 2 0 0 0 0 0 0 0 0
65 2 0 0 0 0 0 0 0 0
66 2 0 0 0 0 0 0 0 0
67 2 0 0 2 0 0 0 0 0
68 2 0 0 0 0 0 0 0 0
69 2 0 0 0 0 0 0 0 0
70 2 0 0 0 0 0 0 0 0
71 2 0 0 0 0 0 0 0 0
72 2 0 0 0 0 0 0 0 0
73 2 0 0 0 0 0 0 0 0
74 2 0 0 0 0 0 0 0 0
75 2 0 0 0 0 0 0 0 0
76 2 0 0 0 0 0 0 0 0
77 2 0 0 0 0 0 0 0 0
129 2 2 1 0 0 0 0 0 0
133 2 0 0 0 0 0 0 0 0
134 2 0 0 0 0 0 0 0 0
135 2 0 0 2 0 0 0 0 0
136 2 0 0 0 0 0 0 0 0
138 2 0 0 2 0 0 0 0 0
fl=/build/eglibc-oGUzwX/eglibc-2.19/string/../sysdeps/x86_64/multiarch/../strcmp.S
fn=strcmp
131 1571 15 3 1571 101 18 0 0 0
132 1571 0 0 1571 89 10 0 0 0
133 1571 0 0 0 0 0 0 0 0
134 1463 0 0 0 0 0 0 0 0
135 1463 0 0 0 0 0 0 0 0
136 1463 0 0 0 0 0 0 0 0
137 1463 0 0 0 0 0 0 0 0
139 121 0 0 0 0 0 0 0 0
140 121 0 0 121 0 0 0 0 0
142 108 0 0 0 0 0 0 0 0
143 108 0 0 0 0 0 0 0 0
144 108 0 0 0 0 0 0 0 0
145 108 10 2 108 0 0 0 0 0
fl=/build/eglibc-oGUzwX/eglibc-2.19/string/../sysdeps/x86_64/multiarch/memmove.c
fn=memcpy@GLIBC_2.2.5
49 1 1 1 0 0 0 0 0 0
fl=/build/eglibc-oGUzwX/eglibc-2.19/string/../sysdeps/x86_64/multiarch/strcmp.S
fn=strcasecmp
114 1 1 1 1 1 1 0 0 0
115 1 0 0 0 0 0 0 0 0
116 1 0 0 0 0 0 1 0 0
119 1 0 0 0 0 0 0 0 0
120 1 0 0 1 0 0 0 0 0
121 1 0 0 0 0 0 0 0 0
132 1 1 1 1 0 0 0 0 0
fn=strncasecmp
140 1 1 1 1 0 0 0 0 0
141 1 0 0 0 0 0 0 0 0
145 1 0 0 0 0 0 0 0 0
146 1 0 0 1 0 0 0 0 0
147 1 0 0 0 0 0 0 0 0
158 1 1 1 1 0 0 0 0 0
fl=/build/eglibc-oGUzwX/eglibc-2.19/string/../sysdeps/x86_64/rtld-memset.S
fn=memset
30 13 2 1 0 0 0 0 0 0
31 13 0 0 0 0 0 0 0 0
32 13 0 0 0 0 0 0 0 0
33 2161 0 0 0 0 0 2148 34 34
34 13 0 0 0 0 0 0 0 0
35 13 0 0 13 0 0 0 0 0
fl=/build/eglibc-oGUzwX/eglibc-2.19/string/../sysdeps/x86_64/strchr.S
fn=strchrnul
24 2 2 1 0 0 0 0 0 0
25 2 0 0 0 0 0 0 0 0
26 2 0 0 0 0 0 0 0 0
27 2 0 0 0 0 0 0 0 0
28 2 2 1 0 0 0 0 0 0
29 2 0 0 0 0 0 0 0 0
30 2 0 0 0 0 0 0 0 0
31 2 0 0 0 0 0 0 0 0
32 2 0 0 2 1 0 0 0 0
33 2 0 0 0 0 0 0 0 0
34 2 0 0 0 0 0 0 0 0
35 2 0 0 0 0 0 0 0 0
36 2 0 0 0 0 0 0 0 0
37 2 0 0 0 0 0 0 0 0
38 2 0 0 0 0 0 0 0 0
39 2 0 0 0 0 0 0 0 0
40 2 0 0 0 0 0 0 0 0
41 1 0 0 0 0 0 0 0 0
43 1 0 0 0 0 0 0 0 0
50 1 0 0 1 0 0 0 0 0
54 1 1 1 1 0 0 0 0 0
55 1 0 0 0 0 0 0 0 0
56 1 0 0 0 0 0 0 0 0
57 1 0 0 0 0 0 0 0 0
58 1 0 0 0 0 0 0 0 0
59 1 0 0 0 0 0 0 0 0
60 1 0 0 1 0 0 0 0 0
61 1 0 0 0 0 0 0 0 0
62 1 0 0 0 0 0 0 0 0
63 1 0 0 0 0 0 0 0 0
64 1 0 0 0 0 0 0 0 0
65 1 0 0 0 0 0 0 0 0
66 1 0 0 0 0 0 0 0 0
67 1 0 0 1 1 1 0 0 0
68 1 0 0 0 0 0 0 0 0
69 1 1 1 0 0 0 0 0 0
70 1 0 0 0 0 0 0 0 0
71 1 0 0 0 0 0 0 0 0
72 1 0 0 0 0 0 0 0 0
73 1 0 0 0 0 0 0 0 0
74 1 0 0 0 0 0 0 0 0
75 1 0 0 0 0 0 0 0 0
76 1 0 0 0 0 0 0 0 0
77 1 0 0 0 0 0 0 0 0
129 1 1 1 0 0 0 0 0 0
131 1 0 0 0 0 0 0 0 0
138 1 0 0 1 0 0 0 0 0
fl=/build/eglibc-oGUzwX/eglibc-2.19/string/../sysdeps/x86_64/strlen.S
fn=strlen
66 2 2 1 0 0 0 0 0 0
67 2 0 0 0 0 0 0 0 0
68 2 0 0 0 0 0 0 0 0
69 2 2 1 0 0 0 0 0 0
70 2 0 0 0 0 0 0 0 0
71 2 0 0 0 0 0 0 0 0
72 2 0 0 0 0 0 0 0 0
74 2 0 0 0 0 0 0 0 0
76 2 0 0 0 0 0 0 0 0
106 2 0 0 2 2 1 0 0 0
107 2 0 0 0 0 0 0 0 0
108 2 0 0 0 0 0 0 0 0
109 2 0 0 0 0 0 0 0 0
110 2 0 0 0 0 0 0 0 0
111 2 0 0 0 0 0 0 0 0
112 2 0 0 2 0 0 0 0 0
fl=/build/eglibc-oGUzwX/eglibc-2.19/string/../sysdeps/x86_64/strrchr.S
fn=rindex
24 1 1 1 0 0 0 0 0 0
25 1 0 0 0 0 0 0 0 0
26 1 0 0 0 0 0 0 0 0
27 1 0 0 0 0 0 0 0 0
28 1 1 1 0 0 0 0 0 0
29 1 0 0 0 0 0 0 0 0
30 1 0 0 0 0 0 0 0 0
31 1 0 0 0 0 0 0 0 0
32 1 0 0 1 1 0 0 0 0
33 1 0 0 0 0 0 0 0 0
34 1 0 0 0 0 0 0 0 0
35 1 0 0 0 0 0 0 0 0
36 1 0 0 0 0 0 0 0 0
37 1 0 0 0 0 0 0 0 0
38 1 0 0 0 0 0 0 0 0
39 1 0 0 0 0 0 0 0 0
40 1 0 0 0 0 0 0 0 0
41 1 0 0 0 0 0 0 0 0
42 1 0 0 0 0 0 0 0 0
43 1 0 0 0 0 0 0 0 0
44 1 1 1 0 0 0 0 0 0
45 1 0 0 0 0 0 0 0 0
46 1 0 0 0 0 0 0 0 0
47 1 0 0 1 0 0 0 0 0
fl=/build/eglibc-oGUzwX/eglibc-2.19/time/../sysdeps/generic/dl-hash.h
fn=gettimeofday
43 2 0 0 0 0 0 0 0 0
44 2 0 0 0 0 0 0 0 0
45 26 0 0 8 1 0 0 0 0
48 24 0 0 0 0 0 0 0 0
49 16 0 0 0 0 0 0 0 0
62 16 0 0 0 0 0 0 0 0
67 2 0 0 0 0 0 0 0 0
fn=time
43 1 0 0 0 0 0 0 0 0
44 1 1 1 0 0 0 0 0 0
45 13 1 1 4 1 1 0 0 0
48 12 0 0 0 0 0 0 0 0
49 8 0 0 0 0 0 0 0 0
62 8 0 0 0 0 0 0 0 0
67 1 0 0 0 0 0 0 0 0
fl=/build/eglibc-oGUzwX/eglibc-2.19/time/../sysdeps/unix/sysv/linux/x86_64/gettimeofday.c
fn=gettimeofday
30 2 0 0 0 0 0 0 0 0
31 14 4 2 0 0 0 8 0 0
34 6 2 1 0 0 0 2 0 0
35 6 0 0 0 0 0 0 0 0
36 6 0 0 2 0 0 0 0 0
fl=/build/eglibc-oGUzwX/eglibc-2.19/time/../sysdeps/unix/sysv/linux/x86_64/time.c
fn=time
36 1 0 0 0 0 0 0 0 0
37 7 1 1 0 0 0 4 0 0
40 6 0 0 0 0 0 1 0 0
41 3 0 0 1 0 0 0 0 0
fl=/home/nacho/Desktop/University/Tercero/ARCO/P3/Ej3/arqo3.c
fn=generateEmptyMatrix
42 4 0 0 0 0 0 2 0 0
43 1 0 0 0 0 0 1 0 0
44 1 0 0 0 0 0 1 0 0
45 1 0 0 0 0 0 1 0 0
47 6 1 1 1 0 0 2 0 0
48 9 0 0 2 0 0 2 0 0
49 4 1 1 2 0 0 0 0 0
59 2005 2 2 1502 0 0 1 0 0
61 6000 0 0 2500 0 0 500 63 62
64 1 0 0 1 0 0 0 0 0
65 2 0 0 2 0 0 0 0 0
fn=generateMatrix
11 4 2 2 0 0 0 2 0 0
12 1 0 0 0 0 0 1 0 0
13 1 0 0 0 0 0 1 0 0
14 2 0 0 0 0 0 2 0 0
16 6 1 0 1 0 0 2 1 0
17 9 1 1 2 0 0 2 0 0
18 4 0 0 2 0 0 0 0 0
28 2 1 1 0 0 0 1 0 0
29 2005 2 2 1502 0 0 1 0 0
31 6000 0 0 2500 0 0 500 63 61
32 1002500 1 1 751000 0 0 500 0 0
34 3750000 0 0 1250000 990 1 500000 32119 31250
38 1 0 0 1 0 0 0 0 0
39 2 0 0 2 0 0 0 0 0
fl=/home/nacho/Desktop/University/Tercero/ARCO/P3/Ej3/multiply.c
fn=compute
55 5 1 1 0 0 0 4 0 0
58 2005 1 1 1502 0 0 1 0 0
60 1002500 0 0 751000 0 0 500 0 0
62 250000 0 0 0 0 0 250000 0 0
63 501250000 1 1 375500000 1512 8 250000 0 0
64 3375000000 1 1 1375000000 156325752 597 125000000 0 0
66 3000000 0 0 1250000 250000 60 250000 250000 31691
69 1 0 0 0 0 0 0 0 0
70 2 0 0 2 0 0 0 0 0
fn=main
9 5 1 1 0 0 0 3 1 0
12 1 0 0 0 0 0 1 0 0
13 1 0 0 0 0 0 1 0 0
16 2 0 0 1 0 0 0 0 0
21 6 1 1 2 0 0 2 1 0
22 4 1 1 1 0 0 2 1 1
23 2 0 0 1 0 0 0 0 0
28 4 1 1 1 0 0 2 1 0
29 2 0 0 1 0 0 0 0 0
34 4 0 0 0 0 0 1 0 0
37 6 0 0 3 1 0 1 0 0
40 4 1 1 0 0 0 1 0 0
41 16 1 1 5 2 2 1 0 0
42 2 1 0 0 0 0 1 0 0
46 3 1 0 1 1 0 1 0 0
47 3 1 1 1 1 0 1 0 0
48 1 0 0 0 0 0 0 0 0
51 2 0 0 2 1 1 0 0 0
fl=???
fn=???
0 250229 42 28 250121 1015 3 38 1 1
fn=__libc_csu_init
0 34 3 3 8 1 0 8 0 0
fn=_dl_debug_initialize
0 4 4 1 3 0 0 0 0 0
fn=_start
0 11 2 2 2 1 0 3 0 0
fn=memcpy@GLIBC_2.2.5
0 12 1 1 4 0 0 0 0 0
summary: 3897450691 1802 1152 1758558061 156584977 2761 127768790 283112 63619
