0.000000000	48883	27884
0.042662000	48883	27884
0.085311000	48883	27884
0.128027000	48883	27884
0.154118000	48883	27884
0.180259000	48883	27884
0.206410000	48883	27884
0.232608000	48883	27884
0.258718000	48883	27884
0.284844000	48883	27884
0.310989000	48883	27884
0.337137000	48883	27884
0.363280000	48883	27884
0.389438000	48883	27884
0.415578000	48883	27884
0.441720000	48883	27884
0.467905000	48883	27884
0.494025000	48883	27884
0.520164000	48883	27884
0.546305000	48883	27884
0.572461000	48883	27884
0.598629000	48883	27884
0.624720000	48883	27884
0.650875000	48883	27884
0.677024000	48883	27884
0.703187000	48883	27884
0.729324000	48883	27884
0.755442000	48883	27884
0.781675000	48883	27884
0.807771000	48883	27884
0.833921000	48883	27884
0.860101000	48883	27884
0.886190000	48883	27884
0.912355000	48883	27884
0.938464000	48883	27884
0.964618000	48883	27884
0.990755000	48883	27884
1.016896000	48883	27884
1.043127000	48883	27884
1.069246000	48883	27884
1.095349000	48883	27884
1.121488000	48883	27884
1.147650000	48883	27884
1.173775000	48883	27884
1.199919000	48883	27884
1.226083000	48883	27884
1.252196000	48883	27884
1.278371000	48883	27884
1.304488000	48883	27884
1.330630000	48883	27884
1.356783000	48883	27884
1.382936000	48883	27884
1.409111000	48883	27884
1.435246000	48883	27884
1.461380000	48883	27884
1.487511000	48883	27884
1.513653000	48883	27884
1.539813000	48883	27884
1.565979000	48883	27884
1.592075000	48883	27884
1.618250000	48883	27884
1.644373000	48883	27884
1.670528000	48883	27884
1.696652000	48883	27884
1.722818000	48883	27884
1.748949000	48883	27884
1.775090000	48883	27884
1.801223000	48883	27884
1.827382000	48883	27884
1.853538000	48883	27884
1.879678000	48883	27884
1.905832000	48883	27884
1.931952000	48883	27884
1.958119000	48883	27884
1.984249000	48883	27884
2.010430000	48883	27884
2.036577000	48883	27884
2.062707000	48883	27884
2.088831000	48883	27884
2.115015000	48883	27884
2.141112000	48883	27884
2.167265000	48883	27884
2.193411000	48883	27884
2.219560000	48883	27884
2.245692000	48883	27884
2.271846000	48883	27884
2.297984000	48883	27884
2.324150000	48883	27884
2.350275000	48883	27884
2.376437000	48883	27884
2.402559000	48883	27884
2.428710000	48883	27884
2.454853000	48883	27884
2.480983000	48883	27884
2.507134000	48883	27884
2.533276000	48883	27884
2.559434000	48883	27884
2.585573000	48883	27884
2.611748000	48883	27884
2.637856000	48883	27884
2.664015000	48883	27884
2.690154000	48883	27884
2.716369000	48883	27884
2.742449000	48883	27884
2.768628000	48883	27884
2.794735000	48883	27884
2.820896000	48883	27884
2.847015000	48883	27884
2.873154000	48883	27884
2.899314000	48883	27884
2.925494000	48883	27884
2.951594000	48883	27884
2.977734000	48883	27884
3.003901000	48883	27884
3.030044000	48883	27884
3.056173000	48883	27884
3.082314000	48883	27884
3.108476000	48883	27884
3.134632000	48883	27884
3.160796000	48883	27884
3.186898000	48883	27884
3.213067000	48883	27884
3.239258000	48883	27884
3.265364000	48883	27884
3.291491000	48883	27884
3.317629000	48883	27884
3.343759000	48883	27884
3.369926000	48883	27884
3.396057000	48883	27884
3.422208000	48883	27884
3.448347000	48883	27884
3.474495000	48883	27884
3.500638000	48883	27884
3.526819000	48883	27884
3.552938000	48883	27884
3.579111000	48883	27884
3.605225000	48883	27884
3.631371000	48883	27884
3.657534000	48883	27884
3.683732000	48883	27884
3.709812000	48883	27884
3.735959000	48883	27884
3.762100000	48883	27884
3.788218000	48883	27884
3.814420000	48883	27884
3.840549000	48883	27884
3.866681000	48883	27884
3.892810000	48883	27884
3.918954000	48883	27884
3.945120000	48883	27884
3.971259000	48883	27884
3.997391000	48883	27884
4.023555000	48883	27884
4.049699000	48883	27884
4.075860000	48883	27884
4.101963000	48883	27884
4.128128000	48883	27884
4.154289000	48883	27884
4.180400000	48883	27884
4.206550000	48883	27884
4.232706000	48883	27884
4.258873000	48883	27884
4.284981000	48883	27884
4.311133000	48883	27884
4.337265000	48883	27884
4.363497000	48883	27884
4.389591000	48883	27884
4.415742000	48883	27884
4.441847000	48883	27884
4.467985000	48883	27884
4.494166000	48883	27884
4.520298000	48883	27884
4.546433000	48883	27884
4.572595000	48883	27884
4.598739000	48883	27884
4.624873000	48883	27884
4.651045000	48883	27884
4.677176000	48883	27884
4.703298000	48883	27884
4.729470000	48883	27884
4.755589000	48883	27884
4.781761000	48883	27884
4.807883000	48883	27884
4.834087000	48883	27884
4.860171000	48883	27884
4.886346000	48883	27884
4.912463000	48883	27884
4.938615000	48883	27884
4.964755000	48883	27884
4.990890000	48883	27884
5.017053000	48883	27884
5.043167000	48883	27884
5.069311000	48883	27884
5.095492000	48883	27884
5.121636000	48883	27884
5.147751000	48883	27884
5.173921000	48883	27884
5.200055000	48883	27884
5.226230000	48883	27884
5.252337000	48883	27884
5.278556000	48883	27884
5.304622000	48883	27884
5.330797000	48883	27884
5.356868000	48883	27884
5.383064000	48883	27884
5.409197000	48883	27884
5.435394000	48883	27884
5.461523000	48883	27884
5.487637000	48883	27884
5.513777000	48883	27884
5.539916000	48883	27884
5.566084000	48883	27884
5.592240000	48883	27884
5.618379000	48883	27884
5.644506000	48883	27884
5.670654000	48883	27884
5.696817000	48883	27884
5.722977000	48883	27884
5.749135000	48883	27884
5.775223000	48883	27884
5.801382000	48883	27884
5.827531000	48883	27884
5.853667000	48883	27884
5.879813000	48883	27884
5.905980000	48883	27884
5.932097000	48883	27884
5.958240000	48883	27884
5.984378000	48883	27884
6.010524000	48883	27884
6.036692000	48883	27884
6.062847000	48883	27884
6.088972000	48883	27884
6.115118000	48883	27884
6.141262000	48883	27884
6.167438000	48883	27884
6.193566000	48883	27884
6.219708000	48883	27884
6.245819000	48883	27884
6.272007000	48883	27884
6.298202000	48883	27884
6.324264000	48883	27884
6.350410000	48883	27884
6.376620000	48883	27884
6.402688000	48883	27884
6.428863000	48883	27884
6.455043000	48883	27884
6.481141000	48883	27884
6.507292000	48883	27884
6.533425000	48883	27884
6.559592000	48883	27884
6.585709000	48883	27884
6.611887000	48883	27884
6.638083000	48883	27884
6.664131000	48883	27884
6.690286000	48883	27884
6.716449000	48883	27884
6.742619000	48883	27884
6.768744000	48883	27884
6.794867000	48883	27884
6.821028000	48883	27884
6.847194000	48883	27884
6.873333000	48883	27884
6.899442000	48883	27884
6.925586000	48883	27884
6.951764000	48883	27884
6.977884000	48883	27884
7.004023000	48883	27884
7.030165000	48883	27884
7.056366000	48883	27884
7.082468000	48883	27884
7.108614000	48883	27884
7.134801000	48883	27884
7.160901000	48883	27884
7.187065000	48883	27884
7.213186000	48883	27884
7.239396000	48883	27884
7.265489000	48883	27884
7.291636000	48883	27884
7.317778000	48883	27884
7.343918000	48883	27884
7.370118000	48883	27884
7.396223000	48883	27884
7.422399000	48883	27884
7.448496000	48883	27884
7.474640000	48883	27884
7.500801000	48883	27884
7.526894000	48883	27884
7.553066000	48883	27884
7.579237000	48883	27884
7.605353000	48883	27884
7.631478000	48883	27884
7.657647000	48883	27884
7.683862000	48883	27884
7.709959000	48883	27884
7.736161000	48883	27884
7.762231000	48883	27884
7.788411000	48883	27884
7.814690000	48883	27884
7.840686000	48883	27884
7.866810000	48883	27884
7.892958000	48883	27884
7.919095000	48883	27884
7.945229000	48883	27884
7.971369000	48883	27884
7.997525000	48883	27884
8.023689000	48883	27884
8.049808000	48883	27884
8.075959000	48883	27884
8.102101000	48883	27884
8.128247000	48883	27884
8.154386000	48883	27884
8.180528000	48883	27884
8.206673000	48883	27884
8.232898000	48883	27884
8.259035000	48883	27884
8.285201000	48883	27884
8.311275000	48883	27884
8.337418000	48883	27884
8.363566000	48883	27884
8.389689000	48883	27884
8.415831000	48883	27884
8.441969000	48883	27884
8.468201000	48883	27884
8.494268000	48883	27884
8.520422000	48883	27884
8.546570000	48883	27884
8.572708000	48883	27884
8.598891000	48883	27884
8.625044000	48883	27884
8.651131000	48883	27884
8.677270000	48883	27884
8.703421000	48883	27884
8.729669000	48883	27884
8.755795000	48883	27884
8.781855000	48883	27884
8.808018000	48883	27884
8.834187000	48883	27884
8.860305000	48883	27884
8.886496000	48883	27884
8.912624000	48883	27884
8.938787000	48883	27884
8.964935000	48883	27884
8.991015000	48883	27884
9.017179000	48883	27884
9.043323000	48883	27884
9.069453000	48883	27884
9.095606000	48883	27884
9.121774000	48883	27884
9.147935000	48883	27884
9.174052000	48883	27884
9.200186000	48883	27884
9.226343000	48883	27884
9.252479000	48883	27884
9.278633000	48883	27884
9.304766000	48883	27884
9.330950000	48883	27884
9.357043000	48883	27884
9.383222000	48883	27884
9.409349000	48883	27884
9.435477000	48883	27884
9.461627000	48883	27884
9.487758000	48883	27884
9.513942000	48883	27884
9.540057000	48883	27884
9.566197000	48883	27884
9.592336000	48883	27884
9.618524000	48883	27884
9.644648000	48883	27884
9.670780000	48883	27884
9.697121000	48883	27884
9.723079000	48883	27884
9.749236000	48883	27884
9.775401000	48883	27884
9.801495000	48883	27884
9.827689000	48883	27884
9.853829000	48883	27884
9.879952000	48883	27884
9.906098000	48883	27884
9.932219000	48883	27884
9.958379000	48883	27884
9.984520000	48883	27884
10.010663000	48883	27884
10.036800000	48883	27884
10.062940000	48883	27884
10.089099000	48883	27884
10.115249000	48883	27884
10.141375000	48883	27884
10.167520000	48883	27884
10.193679000	48883	27884
10.219823000	48883	27884
10.245965000	48883	27884
10.272138000	48883	27884
10.298248000	48883	27884
10.324408000	48883	27884
10.350552000	48883	27884
10.376801000	48883	27884
10.403581000	48883	27884
10.429005000	48883	27884
10.455219000	48883	27884
10.481286000	48883	27884
10.507433000	48883	27884
10.533547000	48883	27884
10.559706000	48883	27884
10.585845000	48883	27884
10.611988000	48883	27884
10.638139000	48883	27884
10.664297000	48883	27884
10.690443000	48883	27884
10.716593000	48883	27884
10.742711000	48883	27884
10.768912000	48883	27884
10.795029000	48883	27884
10.821169000	48883	27884
10.847323000	48883	27884
10.873448000	48883	27884
10.899599000	48883	27884
10.925741000	48883	27884
10.951881000	48883	27884
10.978009000	48883	27884
11.004176000	48883	27884
11.030328000	48883	27884
11.056459000	48883	27884
11.082638000	48883	27884
11.108754000	48883	27884
11.134914000	48883	27884
11.161046000	48883	27884
11.187192000	48883	27884
11.213315000	48883	27884
11.239578000	48883	27884
11.265704000	48883	27884
11.291751000	48883	27884
11.317909000	48883	27884
11.344041000	48883	27884
11.370215000	48883	27884
11.396331000	48883	27884
11.422485000	48883	27884
11.448624000	48883	27884
11.474834000	48883	27884
11.500864000	48883	27884
11.527058000	48883	27884
11.553194000	48883	27884
11.579365000	48883	27884
11.605501000	48883	27884
11.631652000	48883	27884
11.657796000	48883	27884
11.683951000	48883	27884
11.710074000	48883	27884
11.736248000	48883	27884
11.762358000	48883	27884
11.788580000	48883	27884
11.816183000	48883	27884
11.840847000	48883	27884
11.866950000	48883	27884
11.893099000	48883	27884
11.919337000	48883	27884
11.945390000	48883	27884
11.971516000	48883	27884
11.997678000	48883	27884
12.023847000	48883	27884
12.050017000	48883	27884
12.076162000	48883	27884
12.102228000	48883	27884
12.128423000	48883	27884
12.154559000	48883	27884
12.180689000	48883	27884
12.206843000	48883	27884
12.233054000	48883	27884
12.259150000	48883	27884
12.285340000	48883	27884
12.311416000	48883	27884
12.337563000	48883	27884
12.363705000	48883	27884
12.389870000	48883	27884
12.416006000	48883	27884
12.442151000	48883	27884
12.468276000	48883	27884
12.494412000	48883	27884
12.520576000	48883	27884
12.546723000	48883	27884
12.572890000	48883	27884
12.598996000	48883	27884
12.625165000	48883	27884
12.651310000	48883	27884
12.677457000	48883	27884
12.703580000	48883	27884
12.729739000	48883	27884
12.755884000	48883	27884
12.782021000	48883	27884
12.808177000	48883	27884
12.834325000	48883	27884
12.860482000	48883	27884
12.886646000	48883	27884
12.912791000	48883	27884
12.938921000	48883	27884
12.965047000	48883	27884
12.991222000	48883	27884
13.017363000	48883	27884
13.043467000	48883	27884
13.069579000	48883	27884
13.095738000	48883	27884
13.121908000	48883	27884
13.148030000	48883	27884
13.174171000	48883	27884
13.200311000	48883	27884
13.226481000	48883	27884
13.252619000	48883	27884
13.278848000	48883	27884
13.304889000	48883	27884
13.331067000	48883	27884
13.357188000	48883	27884
13.383344000	48883	27884
13.409485000	48883	27884
13.435637000	48883	27884
13.461787000	48883	27884
13.487959000	48883	27884
13.514050000	48883	27884
13.540188000	48883	27884
13.566366000	48883	27884
13.592516000	48883	27884
13.618680000	48883	27884
13.644767000	48883	27884
13.670945000	48883	27884
13.697092000	48883	27884
13.723232000	48883	27884
13.749438000	48883	27884
13.775492000	48883	27884
13.801640000	48883	27884
13.827812000	48883	27884
13.853948000	48883	27884
13.880082000	48883	27884
13.906242000	48883	27884
13.932391000	48883	27884
13.958527000	48883	27884
13.984664000	48883	27884
14.010897000	48883	27884
14.036959000	48883	27884
14.063125000	48883	27884
14.089230000	48883	27884
14.115418000	48883	27884
14.141558000	48883	27884
14.167673000	48883	27884
14.193841000	48883	27884
14.219952000	48883	27884
14.246167000	48883	27884
14.272281000	48883	27884
14.298391000	48883	27884
14.324548000	48883	27884
14.350674000	48883	27884
14.376849000	48883	27884
14.402972000	48883	27884
14.429113000	48883	27884
14.455257000	48883	27884
14.481414000	48883	27884
14.507570000	48883	27884
14.533694000	48883	27884
14.559889000	48883	27884
14.585988000	48883	27884
14.612161000	48883	27884
14.638284000	48883	27884
14.664418000	48883	27884
14.690593000	48883	27884
14.716715000	48883	27884
14.742928000	48883	27884
14.769017000	48883	27884
14.795136000	48883	27884
14.821300000	48883	27884
14.847439000	48883	27884
14.873579000	48883	27884
14.899720000	48883	27884
14.925878000	48883	27884
14.952076000	48883	27884
14.978170000	48883	27884
15.004298000	48883	27884
15.030439000	48883	27884
15.056595000	48883	27884
15.082736000	48883	27884
15.108879000	48883	27884
15.135019000	48883	27884
15.161157000	48883	27884
15.187317000	48883	27884
15.213479000	48883	27884
15.239650000	48883	27884
15.265759000	48883	27884
15.291902000	48883	27884
15.318039000	48883	27884
15.344203000	48883	27884
15.370349000	48883	27884
15.396627000	48883	27884
15.422808000	48883	27884
15.448770000	48883	27884
15.474913000	48883	27884
15.501045000	48883	27884
15.527223000	48883	27884
15.553356000	48883	27884
15.579484000	48883	27884
15.605623000	48883	27884
15.631775000	48883	27884
15.657948000	48883	27884
15.684099000	48883	27884
15.710207000	48883	27884
15.736400000	48883	27884
15.762516000	48883	27884
15.788675000	48883	27884
15.814857000	48883	27884
15.840945000	48883	27884
15.867094000	48883	27884
15.893235000	48883	27884
15.919368000	48883	27884
15.945595000	48883	27884
15.971643000	48883	27884
15.997828000	48883	27884
16.023966000	48883	27884
16.050106000	48883	27884
16.076195000	48883	27884
16.102399000	48883	27884
16.128539000	48883	27884
16.154687000	48883	27884
16.180841000	48883	27884
16.206967000	48883	27884
16.233122000	48883	27884
16.259307000	48883	27884
16.285385000	48883	27884
16.311525000	48883	27884
16.337686000	48883	27884
16.363865000	48883	27884
16.389993000	48883	27884
16.416121000	48883	27884
16.442274000	48883	27884
16.468417000	48883	27884
16.494546000	48883	27884
16.520709000	48883	27884
16.546829000	48883	27884
16.572985000	48883	27884
16.599124000	48883	27884
16.625269000	48883	27884
16.651472000	48883	27884
16.677546000	48883	27884
16.703706000	48883	27884
16.729866000	48883	27884
16.756019000	48883	27884
16.782128000	48883	27884
16.808287000	48883	27884
16.834459000	48883	27884
16.860592000	48883	27884
16.886765000	48883	27884
16.912867000	48883	27884
16.939004000	48883	27884
16.965253000	48883	27884
16.991347000	48883	27884
17.017446000	48883	27884
17.043587000	48883	27884
17.069735000	48883	27884
17.095866000	48883	27884
17.122074000	48883	27884
17.148176000	48883	27884
17.174317000	48883	27884
17.200520000	48883	27884
17.226583000	48883	27884
17.252748000	48883	27884
17.278910000	48883	27884
17.305038000	48883	27884
17.331185000	48883	27884
17.357327000	48883	27884
17.383525000	48883	27884
17.409611000	48883	27884
17.435750000	48883	27884
17.461877000	48883	27884
17.488064000	48883	27884
17.514196000	48883	27884
17.540370000	48883	27884
17.566474000	48883	27884
17.592661000	48883	27884
17.618815000	48883	27884
17.644923000	48883	27884
17.671180000	48883	27884
17.697213000	48883	27884
17.723397000	48883	27884
17.749519000	48883	27884
17.775645000	48883	27884
17.801776000	48883	27884
17.827949000	48883	27884
17.854089000	48883	27884
17.880236000	48883	27884
17.906369000	48883	27884
17.932574000	48883	27884
17.958665000	48883	27884
17.984816000	48883	27884
18.010955000	48883	27884
18.037103000	48883	27884
18.063238000	48883	27884
18.089398000	48883	27884
18.115538000	48883	27884
18.141655000	48883	27884
18.167798000	48883	27884
18.194006000	48883	27884
18.220116000	48883	27884
18.246270000	48883	27884
18.272398000	48883	27884
18.298539000	48883	27884
18.324706000	48883	27884
18.350849000	48883	27884
18.376996000	48883	27884
18.403091000	48883	27884
18.429264000	48883	27884
18.455395000	48883	27884
18.481545000	48883	27884
18.507689000	48883	27884
18.533923000	48883	27884
18.560161000	48883	27884
18.586138000	48883	27884
18.612288000	48883	27884
18.638425000	48883	27884
18.664556000	48883	27884
18.690705000	48883	27884
18.716853000	48883	27884
18.743030000	48883	27884
18.769161000	48883	27884
18.795314000	48883	27884
18.821471000	48883	27884
18.847562000	48883	27884
18.873704000	48883	27884
18.899879000	48883	27884
18.926018000	48883	27884
18.952167000	48883	27884
18.978283000	48883	27884
19.004442000	48883	27884
19.030600000	48883	27884
19.056722000	48883	27884
19.082873000	48883	27884
19.109033000	48883	27884
19.135198000	48883	27884
19.161329000	48883	27884
19.187444000	48883	27884
19.213609000	48883	27884
19.239745000	48883	27884
19.265892000	48883	27884
19.292021000	48883	27884
19.318169000	48883	27884
19.344327000	48883	27884
19.370463000	48883	27884
19.396604000	48883	27884
19.422776000	48883	27884
19.448979000	48883	27884
19.475041000	48883	27884
19.501225000	48883	27884
19.527326000	48883	27884
19.553486000	48883	27884
19.579625000	48883	27884
19.605776000	48883	27884
19.631954000	48883	27884
19.658068000	48883	27884
19.684190000	48883	27884
19.710356000	48883	27884
19.736485000	48883	27884
19.762625000	48883	27884
19.788776000	48883	27884
19.814925000	48883	27884
19.841096000	48883	27884
19.867217000	48883	27884
19.893354000	48883	27884
19.919509000	48883	27884
19.945654000	48883	27884
19.971801000	48883	27884
19.997932000	48883	27884
20.024099000	48883	27884
20.050244000	48883	27884
20.076390000	48883	27884
20.102531000	48883	27884
20.128664000	48883	27884
20.154804000	48883	27884
20.180977000	48883	27884
20.207104000	48883	27884
20.233241000	48883	27884
20.259383000	48883	27884
20.285530000	48883	27884
20.311686000	48883	27884
20.337810000	48883	27884
20.363977000	48883	27884
20.390122000	48883	27884
20.416270000	48883	27884
20.442404000	48883	27884
20.468539000	48883	27884
20.494680000	48883	27884
20.520840000	48883	27884
20.546975000	48883	27884
20.573135000	48883	27884
20.599266000	48883	27884
20.625649000	48883	27884
20.651584000	48883	27884
20.677703000	48883	27884
20.703839000	48883	27884
20.730006000	48883	27884
20.756200000	48883	27884
20.782273000	48883	27884
20.808415000	48883	27884
20.834618000	48883	27884
20.860809000	48883	27884
20.886862000	48883	27884
20.913002000	48883	27884
20.939184000	48883	27884
20.965291000	48883	27884
20.991451000	48883	27884
21.017593000	48883	27884
21.043806000	48883	27884
21.069898000	48883	27884
21.096033000	48883	27884
21.122176000	48883	27884
21.148305000	48883	27884
21.174448000	48883	27884
21.200662000	48883	27884
21.226757000	48883	27884
21.252870000	48883	27884
21.279058000	48883	27884
21.305191000	48883	27884
21.331316000	48883	27884
21.357468000	48883	27884
21.383616000	48883	27884
21.409740000	48883	27884
21.435897000	48883	27884
21.462069000	48883	27884
21.488202000	48883	27884
21.514336000	48883	27884
21.540469000	48883	27884
21.566621000	48883	27884
21.592756000	48883	27884
21.618946000	48883	27884
21.645040000	48883	27884
21.671221000	48883	27884
21.697337000	48883	27884
21.723478000	48883	27884
21.749658000	48883	27884
21.775789000	48883	27884
21.801916000	48883	27884
21.828095000	48883	27884
21.854271000	48883	27884
21.880377000	48883	27884
21.906531000	48883	27884
21.932689000	48883	27884
21.958825000	48883	27884
21.984964000	48883	27884
22.011116000	48883	27884
22.037236000	48883	27884
22.063361000	48883	27884
22.089502000	48883	27884
22.115671000	48883	27884
22.141819000	48883	27884
22.167964000	48883	27884
22.194094000	48883	27884
22.220246000	48883	27884
22.246407000	48883	27884
22.272563000	48883	27884
22.298682000	48883	27884
22.324847000	48883	27884
22.350941000	48883	27884
22.377121000	48883	27884
22.403278000	48883	27884
22.429405000	48883	27884
22.455547000	48883	27884
22.481685000	48883	27884
22.507838000	48883	27884
22.533975000	48883	27884
22.560107000	48883	27884
22.586245000	48883	27884
22.612423000	48883	27884
22.638547000	48883	27884
22.664705000	48883	27884
22.690875000	48883	27884
22.716997000	48883	27884
22.743136000	48883	27884
22.769270000	48883	27884
22.795407000	48883	27884
22.821575000	48883	27884
22.847713000	48883	27884
22.873850000	48883	27884
22.899998000	48883	27884
22.926137000	48883	27884
22.952296000	48883	27884
22.978430000	48883	27884
23.004601000	48883	27884
23.030749000	48883	27884
23.056867000	48883	27884
23.083029000	48883	27884
23.109167000	48883	27884
23.135298000	48883	27884
23.161431000	48883	27884
23.187600000	48883	27884
23.213741000	48883	27884
23.239859000	48883	27884
23.266100000	48883	27884
23.292182000	48883	27884
23.318318000	48883	27884
23.344486000	48883	27884
23.370631000	48883	27884
23.396744000	48883	27884
23.422888000	48883	27884
23.449042000	48883	27884
23.475204000	48883	27884
23.501387000	48883	27884
23.527531000	48883	27884
23.553617000	48883	27884
23.579774000	48883	27884
23.605991000	48883	27884
23.632041000	48883	27884
23.658207000	48883	27884
23.684335000	48883	27884
23.710488000	48883	27884
23.736619000	48883	27884
23.762791000	48883	27884
23.788917000	48883	27884
23.815970000	48883	27884
23.841220000	48883	27884
23.867393000	48883	27884
23.893500000	48883	27884
23.919639000	48883	27884
23.945780000	48883	27884
23.971919000	48883	27884
23.998091000	48883	27884
24.024228000	48883	27884
24.050353000	48883	27884
24.076613000	48883	27884
24.102743000	48883	27884
24.128833000	48883	27884
24.154968000	48883	27884
24.181087000	48883	27884
24.207226000	48883	27884
24.233376000	48883	27884
24.259605000	48883	27884
24.285677000	48883	27884
24.311833000	48883	27884
24.337982000	48883	27884
24.364117000	48883	27884
24.390288000	48883	27884
24.416375000	48883	27884
24.442548000	48883	27884
24.468677000	48883	27884
24.494877000	48883	27884
24.520965000	48883	27884
24.547107000	48883	27884
24.573309000	48883	27884
24.599450000	48883	27884
24.625565000	48883	27884
24.651683000	48883	27884
24.677824000	48883	27884
24.703978000	48883	27884
24.730123000	48883	27884
24.756364000	48883	27884
24.782402000	48883	27884
24.808568000	48883	27884
24.834719000	48883	27884
24.860863000	48883	27884
24.887066000	48883	27884
24.913148000	48883	27884
24.939347000	48883	27884
24.965424000	48883	27884
24.991570000	48883	27884
25.017705000	48883	27884
25.043863000	48883	27884
25.070006000	48883	27884
25.096167000	48883	27884
25.122287000	48883	27884
25.148513000	48883	27884
25.174582000	48883	27884
25.200787000	48883	27884
25.227081000	48883	27884
25.253002000	48883	27884
25.279175000	48883	27884
25.305301000	48883	27884
25.331442000	48883	27884
25.357592000	48883	27884
25.383755000	48883	27884
25.409915000	48883	27884
25.436024000	48883	27884
25.462190000	48883	27884
25.488305000	48883	27884
25.514475000	48883	27884
25.540603000	48883	27884
25.566772000	48883	27884
25.592923000	48883	27884
25.619046000	48883	27884
25.645184000	48883	27884
25.671345000	48883	27884
25.697475000	48883	27884
25.723654000	48883	27884
25.749794000	48883	27884
25.775909000	48883	27884
25.802048000	48883	27884
25.828205000	48883	27884
25.854383000	48883	27884
25.880524000	48883	27884
25.906628000	48883	27884
25.932771000	48883	27884
25.958923000	48883	27884
25.985078000	48883	27884
26.011214000	48883	27884
26.037373000	48883	27884
26.063509000	48883	27884
26.089664000	48883	27884
26.115804000	48883	27884
26.141948000	48883	27884
26.168085000	48883	27884
26.194245000	48883	27884
26.220393000	48883	27884
26.246531000	48883	27884
26.272676000	48883	27884
26.298886000	48883	27884
26.325013000	48883	27884
26.351112000	48883	27884
26.377256000	48883	27884
26.403385000	48883	27884
26.429563000	48883	27884
26.455694000	48883	27884
26.481825000	48883	27884
26.507953000	48883	27884
26.534108000	48883	27884
26.560266000	48883	27884
26.586418000	48883	27884
26.612551000	48883	27884
26.638668000	48883	27884
26.664866000	48883	27884
26.690979000	48883	27884
26.717112000	48883	27884
26.743270000	48883	27884
26.769433000	48883	27884
26.795569000	48883	27884
26.821722000	48883	27884
26.847845000	48883	27884
26.874021000	48883	27884
26.900140000	48883	27884
26.926306000	48883	27884
26.952442000	48883	27884
26.978553000	48883	27884
27.004712000	48883	27884
27.030849000	48883	27884
27.057001000	48883	27884
27.083134000	48883	27884
27.109289000	48883	27884
27.135450000	48883	27884
27.161582000	48883	27884
27.187716000	48883	27884
27.213897000	48883	27884
27.240023000	48883	27884
27.266191000	48883	27884
27.292292000	48883	27884
27.318435000	48883	27884
27.344600000	48883	27884
27.370743000	48883	27884
27.396873000	48883	27884
27.423034000	48883	27884
27.449153000	48883	27884
27.475313000	48883	27884
27.501455000	48883	27884
27.527621000	48883	27884
27.553736000	48883	27884
27.579901000	48883	27884
27.606051000	48883	27884
27.632189000	48883	27884
27.658338000	48883	27884
27.684458000	48883	27884
27.710617000	48883	27884
27.736764000	48883	27884
27.762914000	48883	27884
27.789067000	48883	27884
27.816074000	48883	27884
27.841366000	48883	27884
27.867479000	48883	27884
27.893618000	48883	27884
27.919760000	48883	27884
27.945916000	48883	27884
27.972088000	48883	27884
27.998209000	48883	27884
28.024362000	48883	27884
28.050512000	48883	27884
28.076659000	48883	27884
28.102790000	48883	27884
28.128926000	48883	27884
28.155093000	48883	27884
28.181219000	48883	27884
28.207360000	48883	27884
28.233498000	48883	27884
28.259657000	48883	27884
28.285829000	48883	27884
28.311990000	48883	27884
28.338102000	48883	27884
28.364258000	48883	27884
28.390413000	48883	27884
28.416559000	48883	27884
28.442659000	48883	27884
28.468832000	48883	27884
28.494943000	48883	27884
28.521103000	48883	27884
28.547240000	48883	27884
28.573381000	48883	27884
28.599523000	48883	27884
28.625706000	48883	27884
28.651865000	48883	27884
28.677986000	48883	27884
28.704109000	48883	27884
28.730256000	48883	27884
28.756488000	48883	27884
28.782550000	48883	27884
28.808685000	48883	27884
28.834888000	48883	27884
28.861011000	48883	27884
28.887125000	48883	27884
28.913264000	48883	27884
28.939403000	48883	27884
28.965544000	48883	27884
28.991704000	48883	27884
29.017863000	48883	27884
29.044005000	48883	27884
29.070125000	48883	27884
29.096284000	48883	27884
29.122767000	48883	27884
29.148590000	48883	27884
29.174698000	48883	27884
29.200866000	48883	27884
29.226997000	48883	27884
29.253192000	48883	27884
29.279362000	48883	27884
29.305477000	48883	27884
29.331642000	48883	27884
29.357765000	48883	27884
29.383919000	48883	27884
29.410054000	48883	27884
29.436177000	48883	27884
29.462305000	48883	27884
29.488447000	48883	27884
29.514590000	48883	27884
29.540758000	48883	27884
29.566899000	48883	27884
29.593029000	48883	27884
29.619183000	48883	27884
29.645341000	48883	27884
29.671496000	48883	27884
29.697613000	48883	27884
29.723753000	48883	27884
29.749905000	48883	27884
29.776059000	48883	27884
29.802206000	48883	27884
29.828350000	48883	27884
29.854490000	48883	27884
29.880628000	48883	27884
29.906786000	48883	27884
29.932945000	48883	27884
29.959054000	48883	27884
29.985194000	48883	27884
30.011353000	48883	27884
30.037527000	48883	27884
30.063658000	48883	27884
30.089774000	48883	27884
30.115930000	48883	27884
30.142109000	48883	27884
30.168224000	48883	27884
30.194438000	48883	27884
30.220512000	48883	27884
30.246654000	48883	27884
30.272881000	48883	27884
30.298967000	48883	27884
30.325076000	48883	27884
30.351216000	48883	27884
30.377384000	48883	27884
30.403515000	48883	27884
30.429666000	48883	27884
30.455806000	48883	27884
30.481965000	48883	27884
30.508117000	48883	27884
30.534237000	48883	27884
30.560387000	48883	27884
30.586518000	48883	27884
30.612701000	48883	27884
30.638829000	48883	27884
30.664967000	48883	27884
30.691100000	48883	27884
30.717268000	48883	27884
30.743437000	48883	27884
30.769575000	48883	27884
30.795682000	48883	27884
30.821852000	48883	27884
30.847993000	48883	27884
30.874137000	48883	27884
30.900280000	48883	27884
30.926463000	48883	27884
30.952591000	48883	27884
30.978708000	48883	27884
31.004852000	48883	27884
31.030982000	48883	27884
31.057151000	48883	27884
31.083346000	48883	27884
31.109423000	48883	27884
31.135562000	48883	27884
31.161701000	48883	27884
31.187868000	48883	27884
31.214001000	48883	27884
31.240141000	48883	27884
31.266312000	48883	27884
31.292441000	48883	27884
31.318581000	48883	27884
31.344740000	48883	27884
31.370880000	48883	27884
31.397070000	48883	27884
31.423184000	48883	27884
31.449301000	48883	27884
31.475441000	48883	27884
31.501606000	48883	27884
31.527745000	48883	27884
31.553892000	48883	27884
31.580023000	48883	27884
31.606162000	48883	27884
31.632305000	48883	27884
31.658463000	48883	27884
31.684605000	48883	27884
31.710775000	48883	27884
31.736905000	48883	27884
31.763066000	48883	27884
31.789204000	48883	27884
31.820352000	48883	27884
31.841486000	48883	27884
31.867642000	48883	27884
31.893789000	48883	27884
31.919908000	48883	27884
31.946046000	48883	27884
31.972197000	48883	27884
31.998348000	48883	27884
32.024522000	48883	27884
32.050626000	48883	27884
32.076787000	48883	27884
32.102918000	48883	27884
32.129067000	48883	27884
32.155208000	48883	27884
32.181347000	48883	27884
32.207489000	48883	27884
32.233648000	48883	27884
32.259801000	48883	27884
32.285952000	48883	27884
32.312091000	48883	27884
32.338228000	48883	27884
32.364380000	48883	27884
32.390524000	48883	27884
32.416654000	48883	27884
32.442789000	48883	27884
32.468948000	48883	27884
32.495091000	48883	27884
32.521233000	48883	27884
32.547370000	48883	27884
32.573530000	48883	27884
32.599672000	48883	27884
32.625832000	48883	27884
32.651953000	48883	27884
32.678109000	48883	27884
32.704250000	48883	27884
32.730391000	48883	27884
32.756543000	48883	27884
32.782694000	48883	27884
32.808841000	48883	27884
32.834979000	48883	27884
32.861113000	48883	27884
32.887251000	48883	27884
32.913430000	48883	27884
32.939554000	48883	27884
32.965692000	48883	27884
32.991848000	48883	27884
33.017976000	48883	27884
33.044131000	48883	27884
33.070272000	48883	27884
33.096412000	48883	27884
33.122605000	48883	27884
33.148714000	48883	27884
33.174863000	48883	27884
33.200993000	48883	27884
33.227140000	48883	27884
33.253281000	48883	27884
33.279487000	48883	27884
33.305578000	48883	27884
33.331715000	48883	27884
33.357919000	48883	27884
33.384023000	48883	27884
33.410159000	48883	27884
33.436324000	48883	27884
33.462456000	48883	27884
33.488594000	48883	27884
33.514765000	48883	27884
33.540877000	48883	27884
33.567018000	48883	27884
33.593156000	48883	27884
33.619328000	48883	27884
33.645457000	48883	27884
33.671597000	48883	27884
33.697748000	48883	27884
33.723897000	48883	27884
33.750036000	48883	27884
33.776261000	48883	27884
33.802315000	48883	27884
33.828472000	48883	27884
33.854619000	48883	27884
33.880770000	48883	27884
33.906901000	48883	27884
33.933050000	48883	27884
33.959206000	48883	27884
33.985371000	48883	27884
34.011480000	48883	27884
34.037631000	48883	27884
34.063756000	48883	27884
34.089918000	48883	27884
34.116078000	48883	27884
34.142241000	48883	27884
34.168363000	48883	27884
34.194500000	48883	27884
34.220670000	48883	27884
34.246782000	48883	27884
34.273002000	48883	27884
34.299032000	48883	27884
34.325226000	48883	27884
34.351382000	48883	27884
34.377511000	48883	27884
34.403645000	48883	27884
34.429839000	48883	27884
34.455941000	48883	27884
34.482088000	48883	27884
34.508224000	48883	27884
34.534434000	48883	27884
34.560542000	48883	27884
34.586662000	48883	27884
34.612804000	48883	27884
34.638960000	48883	27884
34.665104000	48883	27884
34.691243000	48883	27884
34.717412000	48883	27884
34.743538000	48883	27884
34.769707000	48883	27884
34.795843000	48883	27884
34.821982000	48883	27884
34.848111000	48883	27884
34.874256000	48883	27884
34.900411000	48883	27884
34.926545000	48883	27884
34.952683000	48883	27884
34.978823000	48883	27884
35.004996000	48883	27884
35.031167000	48883	27884
35.057264000	48883	27884
35.083402000	48883	27884
35.109545000	48883	27884
35.135713000	48883	27884
35.161889000	48883	27884
35.188015000	48883	27884
35.214128000	48883	27884
35.240282000	48883	27884
35.266452000	48883	27884
35.292565000	48883	27884
35.318731000	48883	27884
35.344873000	48883	27884
35.371014000	48883	27884
35.397143000	48883	27884
35.423289000	48883	27884
35.449436000	48883	27884
35.475583000	48883	27884
35.501749000	48883	27884
35.527859000	48883	27884
35.554007000	48883	27884
35.580176000	48883	27884
35.606320000	48883	27884
35.632447000	48883	27884
35.658586000	48883	27884
35.684726000	48883	27884
35.710891000	48883	27884
35.737026000	48883	27884
35.763178000	48883	27884
35.789376000	48883	27884
35.815486000	48883	27884
35.841625000	48883	27884
35.867761000	48883	27884
35.893927000	48883	27884
35.920053000	48883	27884
35.946210000	48883	27884
35.972379000	48883	27884
35.998477000	48883	27884
36.024615000	48883	27884
36.050767000	48883	27884
36.076948000	48883	27884
36.103043000	48883	27884
36.129191000	48883	27884
36.155349000	48883	27884
36.181489000	48883	27884
36.207668000	48883	27884
36.233770000	48883	27884
36.259890000	48883	27884
36.286179000	48883	27884
36.312216000	48883	27884
36.338363000	48883	27884
36.364575000	48883	27884
36.390691000	48883	27884
36.416807000	48883	27884
36.442952000	48883	27884
36.469081000	48883	27884
36.495212000	48883	27884
36.521397000	48883	27884
36.547517000	48883	27884
36.573653000	48883	27884
36.599793000	48883	27884
36.625955000	48883	27884
36.652103000	48883	27884
36.678232000	48883	27884
36.704385000	48883	27884
36.730517000	48883	27884
36.756673000	48883	27884
36.782847000	48883	27884
36.808981000	48883	27884
36.835117000	48883	27884
36.861285000	48883	27884
36.887411000	48883	27884
36.913560000	48883	27884
36.939675000	48883	27884
36.965815000	48883	27884
36.991983000	48883	27884
37.018138000	48883	27884
37.044261000	48883	27884
37.070397000	48883	27884
37.096556000	48883	27884
37.122722000	48883	27884
37.148864000	48883	27884
37.174992000	48883	27884
37.201138000	48883	27884
37.227288000	48883	27884
37.253425000	48883	27884
37.279583000	48883	27884
37.305713000	48883	27884
37.331858000	48883	27884
37.357997000	48883	27884
37.384143000	48883	27884
37.410303000	48883	27884
37.436443000	48883	27884
37.462582000	48883	27884
37.488711000	48883	27884
37.514868000	48883	27884
37.541003000	48883	27884
37.567163000	48883	27884
37.593300000	48883	27884
37.619445000	48883	27884
37.645584000	48883	27884
37.671743000	48883	27884
37.697881000	48883	27884
37.724041000	48883	27884
37.750167000	48883	27884
37.776399000	48883	27884
37.802455000	48883	27884
37.828614000	48883	27884
37.854751000	48883	27884
37.880892000	48883	27884
37.907055000	48883	27884
37.933191000	48883	27884
37.959322000	48883	27884
37.985462000	48883	27884
38.011670000	48883	27884
38.037783000	48883	27884
38.063922000	48883	27884
38.090043000	48883	27884
38.116239000	48883	27884
38.142358000	48883	27884
38.168520000	48883	27884
38.194623000	48883	27884
38.220779000	48883	27884
38.246925000	48883	27884
38.273129000	48883	27884
38.299239000	48883	27884
38.325374000	48883	27884
38.351490000	48883	27884
38.377668000	48883	27884
38.403785000	48883	27884
38.429962000	48883	27884
38.456067000	48883	27884
38.482225000	48883	27884
38.508373000	48883	27884
38.534532000	48883	27884
38.560649000	48883	27884
38.586799000	48883	27884
38.612970000	48883	27884
38.639104000	48883	27884
38.665253000	48883	27884
38.691380000	48883	27884
38.717535000	48883	27884
38.743670000	48883	27884
38.769824000	48883	27884
38.795963000	48883	27884
38.822134000	48883	27884
38.848269000	48883	27884
38.874390000	48883	27884
38.900527000	48883	27884
38.926694000	48883	27884
38.952828000	48883	27884
38.978967000	48883	27884
39.005111000	48883	27884
39.031292000	48883	27884
39.057439000	48883	27884
39.083547000	48883	27884
39.109714000	48883	27884
39.135856000	48883	27884
39.162015000	48883	27884
39.188138000	48883	27884
39.214298000	48883	27884
39.240420000	48883	27884
39.266582000	48883	27884
39.292733000	48883	27884
39.318864000	48883	27884
39.344991000	48883	27884
39.371142000	48883	27884
39.397270000	48883	27884
39.423434000	48883	27884
39.449590000	48883	27884
39.475711000	48883	27884
39.502228000	48883	27884
39.528056000	48883	27884
39.554181000	48883	27884
39.580303000	48883	27884
39.606448000	48883	27884
39.632600000	48883	27884
39.658770000	48883	27884
39.684873000	48883	27884
39.711017000	48883	27884
39.737167000	48883	27884
39.763324000	48883	27884
39.789495000	48883	27884
39.816068000	48883	27884
39.841739000	48883	27884
39.867940000	48883	27884
39.894046000	48883	27884
39.920198000	48883	27884
39.946375000	48883	27884
39.972523000	48883	27884
39.998658000	48883	27884
40.024789000	48883	27884
40.050911000	48883	27884
40.077052000	48883	27884
40.108587000	48883	27884
40.129359000	48883	27884
40.155512000	48883	27884
40.181639000	48883	27884
40.207782000	48883	27884
40.233941000	48883	27884
40.260088000	48883	27884
40.286218000	48883	27884
40.312349000	48883	27884
40.338512000	48883	27884
40.364642000	48883	27884
40.390795000	48883	27884
40.416941000	48883	27884
40.443070000	48883	27884
40.469211000	48883	27884
40.495361000	48883	27884
40.521506000	48883	27884
40.547652000	48883	27884
40.573801000	48883	27884
40.599941000	48883	27884
40.626088000	48883	27884
40.652263000	48883	27884
40.678380000	48883	27884
40.704529000	48883	27884
40.730667000	48883	27884
40.756814000	48883	27884
40.783029000	48883	27884
40.809106000	48883	27884
40.835258000	48883	27884
40.861402000	48883	27884
40.887537000	48883	27884
40.913695000	48883	27884
40.939824000	48883	27884
40.965991000	48883	27884
40.992105000	48883	27884
41.018265000	48883	27884
41.044405000	48883	27884
41.070578000	48883	27884
41.096684000	48883	27884
41.122824000	48883	27884
41.148974000	48883	27884
41.175125000	48883	27884
41.201271000	48883	27884
41.227408000	48883	27884
41.253569000	48883	27884
41.279796000	48883	27884
41.305853000	48883	27884
41.331984000	48883	27884
41.358136000	48883	27884
41.384285000	48883	27884
41.410444000	48883	27884
41.436568000	48883	27884
41.462708000	48883	27884
41.488888000	48883	27884
41.515009000	48883	27884
41.541148000	48883	27884
41.567290000	48883	27884
41.593420000	48883	27884
41.619616000	48883	27884
41.645750000	48883	27884
41.671856000	48883	27884
41.698019000	48883	27884
41.724171000	48883	27884
41.750320000	48883	27884
41.776459000	48883	27884
41.802583000	48883	27884
41.828754000	48883	27884
41.854901000	48883	27884
41.881026000	48883	27884
41.907179000	48883	27884
41.933344000	48883	27884
41.959492000	48883	27884
41.985601000	48883	27884
42.011753000	48883	27884
42.037901000	48883	27884
42.064032000	48883	27884
42.090201000	48883	27884
42.116334000	48883	27884
42.142470000	48883	27884
42.168613000	48883	27884
42.194771000	48883	27884
42.220927000	48883	27884
42.247054000	48883	27884
42.273191000	48883	27884
42.299353000	48883	27884
42.325539000	48883	27884
42.351659000	48883	27884
42.377864000	48883	27884
42.403922000	48883	27884
42.430073000	48883	27884
42.456242000	48883	27884
42.482353000	48883	27884
42.508506000	48883	27884
42.534652000	48883	27884
42.560823000	48883	27884
42.586943000	48883	27884
42.613075000	48883	27884
42.639214000	48883	27884
42.665411000	48883	27884
42.691599000	48883	27884
42.717657000	48883	27884
42.743797000	48883	27884
42.769978000	48883	27884
42.796152000	48883	27884
42.822284000	48883	27884
42.848403000	48883	27884
42.874524000	48883	27884
42.900675000	48883	27884
42.926841000	48883	27884
42.952958000	48883	27884
42.979100000	48883	27884
43.005261000	48883	27884
43.031406000	48883	27884
43.057549000	48883	27884
43.083678000	48883	27884
43.109842000	48883	27884
43.135979000	48883	27884
43.162119000	48883	27884
43.188261000	48883	27884
43.214415000	48883	27884
43.240565000	48883	27884
43.266740000	48883	27884
43.292905000	48883	27884
43.318982000	48883	27884
43.345139000	48883	27884
43.371291000	48883	27884
43.397446000	48883	27884
43.423601000	48883	27884
43.449703000	48883	27884
43.475860000	48883	27884
43.501992000	48883	27884
43.528142000	48883	27884
43.554283000	48883	27884
43.580441000	48883	27884
43.606580000	48883	27884
43.632722000	48883	27884
43.658863000	48883	27884
43.685015000	48883	27884
43.711190000	48883	27884
43.737302000	48883	27884
43.763444000	48883	27884
43.789656000	48883	27884
43.817362000	48883	27884
43.841915000	48883	27884
43.868033000	48883	27884
43.894162000	48883	27884
43.920305000	48883	27884
43.946462000	48883	27884
43.972609000	48883	27884
43.998758000	48883	27884
44.024900000	48883	27884
44.051042000	48883	27884
44.077191000	48883	27884
44.103317000	48883	27884
44.129470000	48883	27884
44.155640000	48883	27884
44.181768000	48883	27884
44.207863000	48883	27884
44.234044000	48883	27884
44.260232000	48883	27884
44.286369000	48883	27884
44.312505000	48883	27884
44.338624000	48883	27884
44.364765000	48883	27884
44.390931000	48883	27884
44.417068000	48883	27884
44.443216000	48883	27884
44.469344000	48883	27884
44.495484000	48883	27884
44.521656000	48883	27884
44.547818000	48883	27884
44.573935000	48883	27884
44.600066000	48883	27884
44.626249000	48883	27884
44.652385000	48883	27884
44.678516000	48883	27884
44.704649000	48883	27884
44.730805000	48883	27884
44.756952000	48883	27884
44.783119000	48883	27884
44.809229000	48883	27884
44.835404000	48883	27884
44.861527000	48883	27884
44.887710000	48883	27884
44.913850000	48883	27884
44.939950000	48883	27884
44.966107000	48883	27884
44.992255000	48883	27884
45.018410000	48883	27884
45.044534000	48883	27884
45.070669000	48883	27884
45.096827000	48883	27884
45.122970000	48883	27884
45.149136000	48883	27884
45.175252000	48883	27884
45.201867000	48883	27884
45.227591000	48883	27884
45.253703000	48883	27884
45.279865000	48883	27884
45.305973000	48883	27884
45.332128000	48883	27884
45.358271000	48883	27884
45.384419000	48883	27884
45.410552000	48883	27884
45.436710000	48883	27884
45.462849000	48883	27884
45.488990000	48883	27884
45.515158000	48883	27884
45.541346000	48883	27884
45.567444000	48883	27884
45.593596000	48883	27884
45.619726000	48883	27884
45.645920000	48883	27884
45.672022000	48883	27884
45.698224000	48883	27884
45.724310000	48883	27884
45.750451000	48883	27884
45.776612000	48883	27884
45.802751000	48883	27884
45.828946000	48883	27884
45.855036000	48883	27884
45.881170000	48883	27884
45.907325000	48883	27884
45.933462000	48883	27884
45.959597000	48883	27884
45.985758000	48883	27884
46.011914000	48883	27884
46.038069000	48883	27884
46.064231000	48883	27884
46.090326000	48883	27884
46.116508000	48883	27884
46.142637000	48883	27884
46.168774000	48883	27884
46.194888000	48883	27884
46.221054000	48883	27884
46.247205000	48883	27884
46.273357000	48883	27884
46.299503000	48883	27884
46.325645000	48883	27884
46.351779000	48883	27884
46.377958000	48883	27884
46.404074000	48883	27884
46.430231000	48883	27884
46.456367000	48883	27884
46.482511000	48883	27884
46.508669000	48883	27884
46.534794000	48883	27884
46.560926000	48883	27884
46.587126000	48883	27884
46.613228000	48883	27884
46.639403000	48883	27884
46.665532000	48883	27884
46.691641000	48883	27884
46.717824000	48883	27884
46.743977000	48883	27884
46.770083000	48883	27884
46.796245000	48883	27884
46.822398000	48883	27884
46.848531000	48883	27884
46.874666000	48883	27884
46.900838000	48883	27884
46.926961000	48883	27884
46.953118000	48883	27884
46.979245000	48883	27884
47.005400000	48883	27884
47.031552000	48883	27884
47.057689000	48883	27884
47.083848000	48883	27884
47.109995000	48883	27884
47.136107000	48883	27884
47.162294000	48883	27884
47.188459000	48883	27884
47.214601000	48883	27884
47.240725000	48883	27884
47.266898000	48883	27884
47.293016000	48883	27884
47.319148000	48883	27884
47.345272000	48883	27884
47.371424000	48883	27884
47.397570000	48883	27884
47.423724000	48883	27884
47.449862000	48883	27884
47.476003000	48883	27884
47.502134000	48883	27884
47.528314000	48883	27884
47.554432000	48883	27884
47.580572000	48883	27884
47.606729000	48883	27884
47.632869000	48883	27884
47.659008000	48883	27884
47.685161000	48883	27884
47.711289000	48883	27884
47.737453000	48883	27884
47.763612000	48883	27884
47.789765000	48883	27884
47.815935000	48883	27884
47.842069000	48883	27884
47.868177000	48883	27884
47.894358000	48883	27884
47.920464000	48883	27884
47.946592000	48883	27884
47.972745000	48883	27884
47.998915000	48883	27884
48.025035000	48883	27884
48.051184000	48883	27884
48.077321000	48883	27884
48.103473000	48883	27884
48.129616000	48883	27884
48.155754000	48883	27884
48.181870000	48883	27884
48.208057000	48883	27884
48.234196000	48883	27884
48.260366000	48883	27884
48.286496000	48883	27884
48.312633000	48883	27884
48.338776000	48883	27884
48.364916000	48883	27884
48.391054000	48883	27884
48.417200000	48883	27884
48.443356000	48883	27884
48.469496000	48883	27884
48.495643000	48883	27884
48.521799000	48883	27884
48.547918000	48883	27884
48.574084000	48883	27884
48.600223000	48883	27884
48.626358000	48883	27884
48.652512000	48883	27884
48.678652000	48883	27884
48.704795000	48883	27884
48.730939000	48883	27884
48.757075000	48883	27884
48.783228000	48883	27884
48.809398000	48883	27884
48.835538000	48883	27884
48.861741000	48883	27884
48.887795000	48883	27884
48.913967000	48883	27884
48.940099000	48883	27884
48.966236000	48883	27884
48.992384000	48883	27884
49.018589000	48883	27884
49.044674000	48883	27884
49.070819000	48883	27884
49.096961000	48883	27884
49.123107000	48883	27884
49.149256000	48883	27884
49.175427000	48883	27884
49.201540000	48883	27884
49.227702000	48883	27884
49.253865000	48883	27884
49.280022000	48883	27884
49.306137000	48883	27884
49.332264000	48883	27884
49.358400000	48883	27884
49.384559000	48883	27884
49.410722000	48883	27884
49.436851000	48883	27884
49.462980000	48883	27884
49.489148000	48883	27884
49.515284000	48883	27884
49.541423000	48883	27884
49.567566000	48883	27884
49.593705000	48883	27884
49.619865000	48883	27884
49.646012000	48883	27884
49.672148000	48883	27884
49.698317000	48883	27884
49.724474000	48883	27884
49.750582000	48883	27884
49.776726000	48883	27884
49.802868000	48883	27884
49.829026000	48883	27884
49.855168000	48883	27884
49.881345000	48883	27884
49.907459000	48883	27884
49.933582000	48883	27884
49.959758000	48883	27884
49.985898000	48883	27884
50.012047000	48883	27884
50.038166000	48883	27884
50.064310000	48883	27884
50.090476000	48883	27884
50.116607000	48883	27884
50.142752000	48883	27884
50.168889000	48883	27884
50.195050000	48883	27884
50.221242000	48883	27884
50.247354000	48883	27884
50.273489000	48883	27884
50.299651000	48883	27884
50.325794000	48883	27884
50.351910000	48883	27884
50.378049000	48883	27884
50.404203000	48883	27884
50.430358000	48883	27884
50.456490000	48883	27884
50.482630000	48883	27884
50.508770000	48883	27884
50.534926000	48883	27884
50.561066000	48883	27884
50.587232000	48883	27884
50.613371000	48883	27884
50.639492000	48883	27884
50.665657000	48883	27884
50.691819000	48883	27884
50.717941000	48883	27884
50.744071000	48883	27884
50.770231000	48883	27884
50.796391000	48883	27884
50.822544000	48883	27884
50.848660000	48883	27884
50.874803000	48883	27884
50.900968000	48883	27884
50.927125000	48883	27884
50.953234000	48883	27884
50.979374000	48883	27884
51.005545000	48883	27884
51.031674000	48883	27884
51.057825000	48883	27884
51.083974000	48883	27884
51.110113000	48883	27884
51.136252000	48883	27884
51.162404000	48883	27884
51.188533000	48883	27884
51.214705000	48883	27884
51.240849000	48883	27884
51.266992000	48883	27884
51.293198000	48883	27884
51.319261000	48883	27884
51.345423000	48883	27884
51.371551000	48883	27884
51.397715000	48883	27884
51.423842000	48883	27884
51.449977000	48883	27884
51.476145000	48883	27884
51.502363000	48883	27884
51.528437000	48883	27884
51.554558000	48883	27884
51.580716000	48883	27884
51.606855000	48883	27884
51.632997000	48883	27884
51.659148000	48883	27884
51.685278000	48883	27884
51.711434000	48883	27884
51.737578000	48883	27884
51.763738000	48883	27884
51.789891000	48883	27884
51.816360000	48883	27884
51.842165000	48883	27884
51.868305000	48883	27884
51.894441000	48883	27884
51.920599000	48883	27884
51.946734000	48883	27884
51.972901000	48883	27884
51.999020000	48883	27884
52.025158000	48883	27884
52.051315000	48883	27884
52.077460000	48883	27884
52.103605000	48883	27884
52.129737000	48883	27884
52.155903000	48883	27884
52.182042000	48883	27884
52.208180000	48883	27884
52.234334000	48883	27884
52.260451000	48883	27884
52.286629000	48883	27884
52.312758000	48883	27884
52.338902000	48883	27884
52.365038000	48883	27884
52.391208000	48883	27884
52.417351000	48883	27884
52.443483000	48883	27884
52.469621000	48883	27884
52.495763000	48883	27884
52.521923000	48883	27884
52.548063000	48883	27884
52.574202000	48883	27884
52.600340000	48883	27884
52.626503000	48883	27884
52.652644000	48883	27884
52.678779000	48883	27884
52.704924000	48883	27884
52.731063000	48883	27884
52.757219000	48883	27884
52.783359000	48883	27884
52.809506000	48883	27884
52.835667000	48883	27884
52.861818000	48883	27884
52.887956000	48883	27884
52.914097000	48883	27884
52.940246000	48883	27884
52.966396000	48883	27884
52.992621000	48883	27884
53.018681000	48883	27884
53.044822000	48883	27884
53.070961000	48883	27884
53.097119000	48883	27884
53.123268000	48883	27884
53.149398000	48883	27884
53.175534000	48883	27884
53.201696000	48883	27884
53.227856000	48883	27884
53.254170000	48883	27884
53.280113000	48883	27884
53.306264000	48883	27884
53.332421000	48883	27884
53.358567000	48883	27884
53.384694000	48883	27884
53.410830000	48883	27884
53.436988000	48883	27884
53.463135000	48883	27884
53.489270000	48883	27884
53.515408000	48883	27884
53.541552000	48883	27884
53.567704000	48883	27884
53.593853000	48883	27884
53.620010000	48883	27884
53.646165000	48883	27884
53.672307000	48883	27884
53.698457000	48883	27884
53.724609000	48883	27884
53.750734000	48883	27884
53.776866000	48883	27884
53.803029000	48883	27884
53.829168000	48883	27884
53.855300000	48883	27884
53.881430000	48883	27884
53.907609000	48883	27884
53.933728000	48883	27884
53.959880000	48883	27884
53.986037000	48883	27884
54.012188000	48883	27884
54.038388000	48883	27884
54.064470000	48883	27884
54.090605000	48883	27884
54.116752000	48883	27884
54.142900000	48883	27884
54.169044000	48883	27884
54.195184000	48883	27884
54.221329000	48883	27884
54.247506000	48883	27884
54.273630000	48883	27884
54.299772000	48883	27884
54.325916000	48883	27884
54.352043000	48883	27884
54.378221000	48883	27884
54.404348000	48883	27884
54.430479000	48883	27884
54.456627000	48883	27884
54.482790000	48883	27884
54.508919000	48883	27884
54.535060000	48883	27884
54.561204000	48883	27884
54.587368000	48883	27884
54.613546000	48883	27884
54.639668000	48883	27884
54.665791000	48883	27884
54.691935000	48883	27884
54.718095000	48883	27884
54.744230000	48883	27884
54.770372000	48883	27884
54.796516000	48883	27884
54.822686000	48883	27884
54.848803000	48883	27884
54.874933000	48883	27884
54.901073000	48883	27884
54.927239000	48883	27884
54.953373000	48883	27884
54.979513000	48883	27884
55.005663000	48883	27884
55.031822000	48883	27884
55.057952000	48883	27884
55.084096000	48883	27884
55.110258000	48883	27884
55.136385000	48883	27884
55.162543000	48883	27884
55.188688000	48883	27884
55.214817000	48883	27884
55.240957000	48883	27884
55.267120000	48883	27884
55.293278000	48883	27884
55.319396000	48883	27884
55.345539000	48883	27884
55.371678000	48883	27884
55.397818000	48883	27884
55.424003000	48883	27884
55.450121000	48883	27884
55.476259000	48883	27884
55.502412000	48883	27884
55.528560000	48883	27884
55.554699000	48883	27884
55.580844000	48883	27884
55.606992000	48883	27884
55.633149000	48883	27884
55.659471000	48883	27884
55.685516000	48883	27884
55.711636000	48883	27884
55.737785000	48883	27884
55.763882000	48883	27884
55.790006000	48883	27884
55.816775000	48883	27884
55.842314000	48883	27884
55.868451000	48883	27884
55.894585000	48883	27884
55.920751000	48883	27884
55.946869000	48883	27884
55.973011000	48883	27884
55.999169000	48883	27884
56.025325000	48883	27884
56.051439000	48883	27884
56.077592000	48883	27884
56.103729000	48883	27884
56.129878000	48883	27884
56.156055000	48883	27884
56.182164000	48883	27884
56.208309000	48883	27884
56.234469000	48883	27884
56.260649000	48883	27884
56.286749000	48883	27884
56.312907000	48883	27884
56.339066000	48883	27884
56.365216000	48883	27884
56.391359000	48883	27884
56.417483000	48883	27884
56.443631000	48883	27884
56.469756000	48883	27884
56.495907000	48883	27884
56.522052000	48883	27884
56.548218000	48883	27884
56.574336000	48883	27884
56.600485000	48883	27884
56.626644000	48883	27884
56.652790000	48883	27884
56.678930000	48883	27884
56.705065000	48883	27884
56.731203000	48883	27884
56.757348000	48883	27884
56.783492000	48883	27884
56.809661000	48883	27884
56.835834000	48883	27884
56.861929000	48883	27884
56.888066000	48883	27884
56.914278000	48883	27884
56.940376000	48883	27884
56.966506000	48883	27884
56.992676000	48883	27884
57.018821000	48883	27884
57.044947000	48883	27884
57.071118000	48883	27884
57.097236000	48883	27884
57.123395000	48883	27884
57.149554000	48883	27884
57.175667000	48883	27884
57.201830000	48883	27884
57.227961000	48883	27884
57.254139000	48883	27884
57.280249000	48883	27884
57.306411000	48883	27884
57.332529000	48883	27884
57.358681000	48883	27884
57.384844000	48883	27884
57.410992000	48883	27884
57.437110000	48883	27884
57.463280000	48883	27884
57.489409000	48883	27884
57.515574000	48883	27884
57.541692000	48883	27884
57.567831000	48883	27884
57.593974000	48883	27884
57.620200000	48883	27884
57.646313000	48883	27884
57.672472000	48883	27884
57.698617000	48883	27884
57.724760000	48883	27884
57.750893000	48883	27884
57.776994000	48883	27884
57.803144000	48883	27884
57.829292000	48883	27884
57.855431000	48883	27884
57.881590000	48883	27884
57.907746000	48883	27884
57.933881000	48883	27884
57.960055000	48883	27884
57.986156000	48883	27884
58.012308000	48883	27884
58.038439000	48883	27884
58.064626000	48883	27884
58.090749000	48883	27884
58.116898000	48883	27884
58.143029000	48883	27884
58.169178000	48883	27884
58.195319000	48883	27884
58.221457000	48883	27884
58.247629000	48883	27884
58.273738000	48883	27884
58.299897000	48883	27884
58.326033000	48883	27884
58.352199000	48883	27884
58.378337000	48883	27884
58.404467000	48883	27884
58.430663000	48883	27884
58.456780000	48883	27884
58.482920000	48883	27884
58.509058000	48883	27884
58.535206000	48883	27884
58.561356000	48883	27884
58.587486000	48883	27884
58.613632000	48883	27884
58.639794000	48883	27884
58.665943000	48883	27884
58.692059000	48883	27884
58.718214000	48883	27884
58.744348000	48883	27884
58.770529000	48883	27884
58.796673000	48883	27884
58.822799000	48883	27884
58.848931000	48883	27884
58.875066000	48883	27884
58.901252000	48883	27884
58.927367000	48883	27884
58.953511000	48883	27884
58.979652000	48883	27884
59.005815000	48883	27884
59.031976000	48883	27884
59.058105000	48883	27884
59.084235000	48883	27884
59.110386000	48883	27884
59.136531000	48883	27884
59.162699000	48883	27884
59.188827000	48883	27884
59.214946000	48883	27884
59.241123000	48883	27884
59.267284000	48883	27884
59.293391000	48883	27884
59.319548000	48883	27884
59.345692000	48883	27884
59.371828000	48883	27884
59.397977000	48883	27884
59.424107000	48883	27884
59.450256000	48883	27884
59.476415000	48883	27884
59.502559000	48883	27884
59.528708000	48883	27884
59.554827000	48883	27884
59.580998000	48883	27884
59.607152000	48883	27884
59.633277000	48883	27884
59.659429000	48883	27884
59.685597000	48883	27884
59.711747000	48883	27884
59.737845000	48883	27884
59.763989000	48883	27884
59.790141000	48883	27884
59.816307000	48883	27884
59.842444000	48883	27884
59.868576000	48883	27884
59.894744000	48883	27884
59.920889000	48883	27884
59.947018000	48883	27884
59.973168000	48883	27884
59.999292000	48883	27884
60.025460000	48883	27884
60.051587000	48883	27884
60.077748000	48883	27884
60.103872000	48883	27884
60.130016000	48883	27884
60.156220000	48883	27884
60.182309000	48883	27884
60.208531000	48883	27884
60.234603000	48883	27884
60.260840000	48883	27884
60.286951000	48883	27884
60.313115000	48883	27884
60.339171000	48883	27884
60.365327000	48883	27884
60.391484000	48883	27884
60.417619000	48883	27884
60.443751000	48883	27884
60.469890000	48883	27884
60.496054000	48883	27884
60.522202000	48883	27884
60.548332000	48883	27884
60.574476000	48883	27884
60.600618000	48883	27884
60.626769000	48883	27884
60.652944000	48883	27884
60.679063000	48883	27884
60.705192000	48883	27884
60.731351000	48883	27884
60.757491000	48883	27884
60.783643000	48883	27884
60.809869000	48883	27884
60.835974000	48883	27884
60.862088000	48883	27884
60.888227000	48883	27884
60.914424000	48883	27884
60.940507000	48883	27884
60.966653000	48883	27884
60.992795000	48883	27884
61.018933000	48883	27884
61.045090000	48883	27884
61.071217000	48883	27884
61.097376000	48883	27884
61.123538000	48883	27884
61.149657000	48883	27884
61.175797000	48883	27884
61.201958000	48883	27884
61.228092000	48883	27884
61.254245000	48883	27884
61.280459000	48883	27884
61.306560000	48883	27884
61.332666000	48883	27884
61.358832000	48883	27884
61.384966000	48883	27884
61.411121000	48883	27884
61.437272000	48883	27884
61.463432000	48883	27884
61.489550000	48883	27884
61.515684000	48883	27884
61.541846000	48883	27884
61.568052000	48883	27884
61.594129000	48883	27884
61.620258000	48883	27884
61.646399000	48883	27884
61.672568000	48883	27884
61.698740000	48883	27884
61.724874000	48883	27884
61.750980000	48883	27884
61.777148000	48883	27884
61.803343000	48883	27884
61.829443000	48883	27884
61.855555000	48883	27884
61.881711000	48883	27884
61.907903000	48883	27884
61.933997000	48883	27884
61.960138000	48883	27884
61.986298000	48883	27884
62.012460000	48883	27884
62.038619000	48883	27884
62.064739000	48883	27884
62.090879000	48883	27884
62.117002000	48883	27884
62.143168000	48883	27884
62.169320000	48883	27884
62.195441000	48883	27884
62.221585000	48883	27884
62.247766000	48883	27884
62.273911000	48883	27884
62.300032000	48883	27884
62.326191000	48883	27884
62.352302000	48883	27884
62.378478000	48883	27884
62.404623000	48883	27884
62.430792000	48883	27884
62.456922000	48883	27884
62.483040000	48883	27884
62.509183000	48883	27884
62.535332000	48883	27884
62.561474000	48883	27884
62.587621000	48883	27884
62.613791000	48883	27884
62.639902000	48883	27884
62.666053000	48883	27884
62.692214000	48883	27884
62.718355000	48883	27884
62.744482000	48883	27884
62.770623000	48883	27884
62.796777000	48883	27884
62.822956000	48883	27884
62.849075000	48883	27884
62.875227000	48883	27884
62.901393000	48883	27884
62.927502000	48883	27884
62.953644000	48883	27884
62.979909000	48883	27884
63.005869000	48883	27884
63.032105000	48883	27884
63.058234000	48883	27884
63.084395000	48883	27884
63.110507000	48883	27884
63.136645000	48883	27884
63.162796000	48883	27884
63.188946000	48883	27884
63.215107000	48883	27884
63.241238000	48883	27884
63.267396000	48883	27884
63.293556000	48883	27884
63.319721000	48883	27884
63.345807000	48883	27884
63.371960000	48883	27884
63.398144000	48883	27884
63.424276000	48883	27884
63.450422000	48883	27884
63.476528000	48883	27884
63.502665000	48883	27884
63.528874000	48883	27884
63.554970000	48883	27884
63.581140000	48883	27884
63.607253000	48883	27884
63.633439000	48883	27884
63.659568000	48883	27884
63.685707000	48883	27884
63.711848000	48883	27884
63.737980000	48883	27884
63.764127000	48883	27884
63.790279000	48883	27884
63.816802000	48883	27884
63.842571000	48883	27884
63.868722000	48883	27884
63.894891000	48883	27884
63.921025000	48883	27884
63.947132000	48883	27884
63.973271000	48883	27884
63.999461000	48883	27884
64.025621000	48883	27884
64.051712000	48883	27884
64.077863000	48883	27884
64.104018000	48883	27884
64.130163000	48883	27884
64.156301000	48883	27884
64.182443000	48883	27884
64.208613000	48883	27884
64.234742000	48883	27884
64.260920000	48883	27884
64.287024000	48883	27884
64.313187000	48883	27884
64.339334000	48883	27884
64.365455000	48883	27884
64.391593000	48883	27884
64.417768000	48883	27884
64.443928000	48883	27884
64.470054000	48883	27884
64.496180000	48883	27884
64.522350000	48883	27884
64.548473000	48883	27884
64.574627000	48883	27884
64.600756000	48883	27884
64.626874000	48883	27884
64.653075000	48883	27884
64.679222000	48883	27884
64.705366000	48883	27884
64.731515000	48883	27884
64.757640000	48883	27884
64.783785000	48883	27884
64.809945000	48883	27884
64.836094000	48883	27884
64.862228000	48883	27884
64.888357000	48883	27884
64.914527000	48883	27884
64.940658000	48883	27884
64.966796000	48883	27884
64.992936000	48883	27884
65.019093000	48883	27884
65.045240000	48883	27884
65.071379000	48883	27884
65.097519000	48883	27884
65.123669000	48883	27884
65.149859000	48883	27884
65.176002000	48883	27884
65.203650000	48883	27884
65.228284000	48883	27884
65.254424000	48883	27884
65.280579000	48883	27884
65.306691000	48883	27884
65.332826000	48883	27884
65.358944000	48883	27884
65.385114000	48883	27884
65.411259000	48883	27884
65.437405000	48883	27884
65.463552000	48883	27884
65.489686000	48883	27884
65.515822000	48883	27884
65.541968000	48883	27884
65.568108000	48883	27884
65.594252000	48883	27884
65.620426000	48883	27884
65.646567000	48883	27884
65.672690000	48883	27884
65.698832000	48883	27884
65.725017000	48883	27884
65.751131000	48883	27884
65.777268000	48883	27884
65.803420000	48883	27884
65.829592000	48883	27884
65.855713000	48883	27884
65.881851000	48883	27884
65.908013000	48883	27884
65.934133000	48883	27884
65.960293000	48883	27884
65.986426000	48883	27884
66.012580000	48883	27884
66.038718000	48883	27884
66.064869000	48883	27884
66.091006000	48883	27884
66.117149000	48883	27884
66.143297000	48883	27884
66.169430000	48883	27884
66.195612000	48883	27884
66.221751000	48883	27884
66.247873000	48883	27884
66.274011000	48883	27884
66.300187000	48883	27884
66.326311000	48883	27884
66.352464000	48883	27884
66.378594000	48883	27884
66.404732000	48883	27884
66.430897000	48883	27884
66.457039000	48883	27884
66.483173000	48883	27884
66.509323000	48883	27884
66.535475000	48883	27884
66.561614000	48883	27884
66.587768000	48883	27884
66.613894000	48883	27884
66.640053000	48883	27884
66.666196000	48883	27884
66.692357000	48883	27884
66.718480000	48883	27884
66.744627000	48883	27884
66.770775000	48883	27884
66.796914000	48883	27884
66.823092000	48883	27884
66.849207000	48883	27884
66.875356000	48883	27884
66.901501000	48883	27884
66.927639000	48883	27884
66.953777000	48883	27884
66.979917000	48883	27884
67.006079000	48883	27884
67.032231000	48883	27884
67.058361000	48883	27884
67.084508000	48883	27884
67.110675000	48883	27884
67.136806000	48883	27884
67.162944000	48883	27884
67.189074000	48883	27884
67.215212000	48883	27884
67.241387000	48883	27884
67.267514000	48883	27884
67.293654000	48883	27884
67.319810000	48883	27884
67.345968000	48883	27884
67.372094000	48883	27884
67.398238000	48883	27884
67.424391000	48883	27884
67.450517000	48883	27884
67.476679000	48883	27884
67.502813000	48883	27884
67.528962000	48883	27884
67.555101000	48883	27884
67.581261000	48883	27884
67.607423000	48883	27884
67.633539000	48883	27884
67.659672000	48883	27884
67.685823000	48883	27884
67.711989000	48883	27884
67.738122000	48883	27884
67.764263000	48883	27884
67.790398000	48883	27884
67.816570000	48883	27884
67.842708000	48883	27884
67.868880000	48883	27884
67.894980000	48883	27884
67.921146000	48883	27884
67.947283000	48883	27884
67.973423000	48883	27884
67.999563000	48883	27884
68.025729000	48883	27884
68.051859000	48883	27884
68.078004000	48883	27884
68.104143000	48883	27884
68.130288000	48883	27884
68.156439000	48883	27884
68.182584000	48883	27884
68.208727000	48883	27884
68.234861000	48883	27884
68.261013000	48883	27884
68.287181000	48883	27884
68.313319000	48883	27884
68.339455000	48883	27884
68.365596000	48883	27884
68.391761000	48883	27884
68.417894000	48883	27884
68.444030000	48883	27884
68.470175000	48883	27884
68.496312000	48883	27884
68.522489000	48883	27884
68.548603000	48883	27884
68.574759000	48883	27884
68.600901000	48883	27884
68.627056000	48883	27884
68.653183000	48883	27884
68.679332000	48883	27884
68.705468000	48883	27884
68.731624000	48883	27884
68.757762000	48883	27884
68.783908000	48883	27884
68.810073000	48883	27884
68.836201000	48883	27884
68.862353000	48883	27884
68.888511000	48883	27884
68.914649000	48883	27884
68.940792000	48883	27884
68.966953000	48883	27884
68.993068000	48883	27884
69.019223000	48883	27884
69.045364000	48883	27884
69.071497000	48883	27884
69.097646000	48883	27884
69.123802000	48883	27884
69.149930000	48883	27884
69.176088000	48883	27884
69.202229000	48883	27884
69.228404000	48883	27884
69.254538000	48883	27884
69.280651000	48883	27884
69.306802000	48883	27884
69.332946000	48883	27884
69.359088000	48883	27884
69.385276000	48883	27884
69.411380000	48883	27884
69.437545000	48883	27884
69.463674000	48883	27884
69.489824000	48883	27884
69.515970000	48883	27884
69.542119000	48883	27884
69.568258000	48883	27884
69.594392000	48883	27884
69.620533000	48883	27884
69.646676000	48883	27884
69.672833000	48883	27884
69.698973000	48883	27884
69.725114000	48883	27884
69.751266000	48883	27884
69.777418000	48883	27884
69.803561000	48883	27884
69.829718000	48883	27884
69.855844000	48883	27884
69.881976000	48883	27884
69.908144000	48883	27884
69.934279000	48883	27884
69.960418000	48883	27884
69.986556000	48883	27884
70.012711000	48883	27884
70.038852000	48883	27884
70.064998000	48883	27884
70.091138000	48883	27884
70.117303000	48883	27884
70.143442000	48883	27884
70.169602000	48883	27884
70.195716000	48883	27884
70.221858000	48883	27884
70.248033000	48883	27884
70.274171000	48883	27884
70.300293000	48883	27884
70.326464000	48883	27884
70.352616000	48883	27884
70.378745000	48883	27884
70.404886000	48883	27884
70.431035000	48883	27884
70.457161000	48883	27884
70.483318000	48883	27884
70.509458000	48883	27884
70.535606000	48883	27884
70.561741000	48883	27884
70.587894000	48883	27884
70.614038000	48883	27884
70.640185000	48883	27884
70.666321000	48883	27884
70.692462000	48883	27884
70.718642000	48883	27884
70.744754000	48883	27884
70.770903000	48883	27884
70.797038000	48883	27884
70.823221000	48883	27884
70.849361000	48883	27884
70.875492000	48883	27884
70.901629000	48883	27884
70.927773000	48883	27884
70.953943000	48883	27884
70.980081000	48883	27884
71.006508000	48883	27884
71.032362000	48883	27884
71.058514000	48883	27884
71.084671000	48883	27884
71.110796000	48883	27884
71.136938000	48883	27884
71.163078000	48883	27884
71.189235000	48883	27884
71.215383000	48883	27884
71.241520000	48883	27884
71.267657000	48883	27884
71.293825000	48883	27884
71.319955000	48883	27884
71.346140000	48883	27884
71.372239000	48883	27884
71.398397000	48883	27884
71.424545000	48883	27884
71.450672000	48883	27884
71.476822000	48883	27884
71.502959000	48883	27884
71.529118000	48883	27884
71.555260000	48883	27884
71.581397000	48883	27884
71.607547000	48883	27884
71.633704000	48883	27884
71.659843000	48883	27884
71.685986000	48883	27884
71.712150000	48883	27884
71.738263000	48883	27884
71.764419000	48883	27884
71.790554000	48883	27884
71.816754000	48883	27884
71.842858000	48883	27884
71.868991000	48883	27884
71.895137000	48883	27884
71.921283000	48883	27884
71.947416000	48883	27884
71.973552000	48883	27884
71.999709000	48883	27884
72.025873000	48883	27884
72.052021000	48883	27884
72.078142000	48883	27884
72.104299000	48883	27884
72.130435000	48883	27884
72.156587000	48883	27884
72.182714000	48883	27884
72.208884000	48883	27884
72.235018000	48883	27884
72.261157000	48883	27884
72.287299000	48883	27884
72.313447000	48883	27884
72.339602000	48883	27884
72.365751000	48883	27884
72.391897000	48883	27884
72.418012000	48883	27884
72.444177000	48883	27884
72.470306000	48883	27884
72.496449000	48883	27884
72.522613000	48883	27884
72.548746000	48883	27884
72.574888000	48883	27884
72.601033000	48883	27884
72.627175000	48883	27884
72.653329000	48883	27884
72.679486000	48883	27884
72.705634000	48883	27884
72.731774000	48883	27884
72.757892000	48883	27884
72.784032000	48883	27884
72.810215000	48883	27884
72.836361000	48883	27884
72.862490000	48883	27884
72.888634000	48883	27884
72.914781000	48883	27884
72.940930000	48883	27884
72.967052000	48883	27884
72.993192000	48883	27884
73.019364000	48883	27884
73.045502000	48883	27884
73.071633000	48883	27884
73.097780000	48883	27884
73.123986000	48883	27884
73.150093000	48883	27884
73.176227000	48883	27884
73.202350000	48883	27884
73.228495000	48883	27884
73.254685000	48883	27884
73.280804000	48883	27884
73.306935000	48883	27884
73.333095000	48883	27884
73.359235000	48883	27884
73.385372000	48883	27884
73.411545000	48883	27884
73.437658000	48883	27884
73.463796000	48883	27884
73.489963000	48883	27884
73.516110000	48883	27884
73.542239000	48883	27884
73.568407000	48883	27884
73.594516000	48883	27884
73.620677000	48883	27884
73.646844000	48883	27884
73.672974000	48883	27884
73.699108000	48883	27884
73.725278000	48883	27884
73.751399000	48883	27884
73.777537000	48883	27884
73.803675000	48883	27884
73.829850000	48883	27884
73.856001000	48883	27884
73.882118000	48883	27884
73.908266000	48883	27884
73.934398000	48883	27884
73.960578000	48883	27884
73.986699000	48883	27884
74.012876000	48883	27884
74.038984000	48883	27884
74.065139000	48883	27884
74.091279000	48883	27884
74.117464000	48883	27884
74.143594000	48883	27884
74.169728000	48883	27884
74.195863000	48883	27884
74.222020000	48883	27884
74.248172000	48883	27884
74.274283000	48883	27884
74.300450000	48883	27884
74.326611000	48883	27884
74.352781000	48883	27884
74.378912000	48883	27884
74.405046000	48883	27884
74.431217000	48883	27884
74.457336000	48883	27884
74.483456000	48883	27884
74.509590000	48883	27884
74.535764000	48883	27884
74.561902000	48883	27884
74.588039000	48883	27884
74.614193000	48883	27884
74.640348000	48883	27884
74.666491000	48883	27884
74.692599000	48883	27884
74.718763000	48883	27884
74.744908000	48883	27884
74.771056000	48883	27884
74.797200000	48883	27884
74.823351000	48883	27884
74.849478000	48883	27884
74.875640000	48883	27884
74.901845000	48883	27884
74.927925000	48883	27884
74.954061000	48883	27884
74.980202000	48883	27884
75.006366000	48883	27884
75.032501000	48883	27884
75.058645000	48883	27884
75.084783000	48883	27884
75.110938000	48883	27884
75.137079000	48883	27884
75.163210000	48883	27884
75.189372000	48883	27884
75.215504000	48883	27884
75.241652000	48883	27884
75.267802000	48883	27884
75.293926000	48883	27884
75.320072000	48883	27884
75.346230000	48883	27884
75.372367000	48883	27884
75.398518000	48883	27884
75.424651000	48883	27884
75.450812000	48883	27884
75.476954000	48883	27884
75.503114000	48883	27884
75.529271000	48883	27884
75.555396000	48883	27884
75.581537000	48883	27884
75.607680000	48883	27884
75.633811000	48883	27884
75.659996000	48883	27884
75.686130000	48883	27884
75.712254000	48883	27884
75.738392000	48883	27884
75.764537000	48883	27884
75.790672000	48883	27884
75.816870000	48883	27884
75.843006000	48883	27884
75.869210000	48883	27884
75.895269000	48883	27884
75.921427000	48883	27884
75.947557000	48883	27884
75.973696000	48883	27884
75.999827000	48883	27884
76.025992000	48883	27884
76.052162000	48883	27884
76.078313000	48883	27884
76.104432000	48883	27884
76.130577000	48883	27884
76.156713000	48883	27884
76.182860000	48883	27884
76.208999000	48883	27884
76.235133000	48883	27884
76.261286000	48883	27884
76.287448000	48883	27884
76.313588000	48883	27884
76.339723000	48883	27884
76.365856000	48883	27884
76.392014000	48883	27884
76.418178000	48883	27884
76.444304000	48883	27884
76.470445000	48883	27884
76.496599000	48883	27884
76.522745000	48883	27884
76.548878000	48883	27884
76.575057000	48883	27884
76.601174000	48883	27884
76.627331000	48883	27884
76.653470000	48883	27884
76.679669000	48883	27884
76.705757000	48883	27884
76.731899000	48883	27884
76.758051000	48883	27884
76.784208000	48883	27884
76.810329000	48883	27884
76.836484000	48883	27884
76.862646000	48883	27884
76.888769000	48883	27884
76.914911000	48883	27884
76.941042000	48883	27884
76.967202000	48883	27884
76.993340000	48883	27884
77.019505000	48883	27884
77.045622000	48883	27884
77.071767000	48883	27884
77.097921000	48883	27884
77.124063000	48883	27884
77.150202000	48883	27884
77.176353000	48883	27884
77.202505000	48883	27884
77.228644000	48883	27884
77.254801000	48883	27884
77.280923000	48883	27884
77.307076000	48883	27884
77.333246000	48883	27884
77.359366000	48883	27884
77.385500000	48883	27884
77.411655000	48883	27884
77.437794000	48883	27884
77.463956000	48883	27884
77.490084000	48883	27884
77.516228000	48883	27884
77.542385000	48883	27884
77.568515000	48883	27884
77.594653000	48883	27884
77.620830000	48883	27884
77.646946000	48883	27884
77.673138000	48883	27884
77.699257000	48883	27884
77.725386000	48883	27884
77.751536000	48883	27884
77.777685000	48883	27884
77.803827000	48883	27884
77.829982000	48883	27884
77.856120000	48883	27884
77.882247000	48883	27884
77.908437000	48883	27884
77.934560000	48883	27884
77.960723000	48883	27884
77.986828000	48883	27884
78.012990000	48883	27884
78.039141000	48883	27884
78.065273000	48883	27884
78.091409000	48883	27884
78.117557000	48883	27884
78.143726000	48883	27884
78.169849000	48883	27884
78.195989000	48883	27884
78.222151000	48883	27884
78.248297000	48883	27884
78.274446000	48883	27884
78.300571000	48883	27884
78.326736000	48883	27884
78.352870000	48883	27884
78.379010000	48883	27884
78.405152000	48883	27884
78.431324000	48883	27884
78.457431000	48883	27884
78.483590000	48883	27884
78.509753000	48883	27884
78.535862000	48883	27884
78.562012000	48883	27884
78.588171000	48883	27884
78.614309000	48883	27884
78.640478000	48883	27884
78.666603000	48883	27884
78.692744000	48883	27884
78.718895000	48883	27884
78.745030000	48883	27884
78.771173000	48883	27884
78.797313000	48883	27884
78.823485000	48883	27884
78.849644000	48883	27884
78.875775000	48883	27884
78.901889000	48883	27884
78.928051000	48883	27884
78.954194000	48883	27884
78.980354000	48883	27884
79.006481000	48883	27884
79.032614000	48883	27884
79.058774000	48883	27884
79.084935000	48883	27884
79.111095000	48883	27884
79.137194000	48883	27884
79.163374000	48883	27884
79.189536000	48883	27884
79.215647000	48883	27884
79.241794000	48883	27884
79.267985000	48883	27884
79.294095000	48883	27884
79.320227000	48883	27884
79.346370000	48883	27884
79.372498000	48883	27884
79.398670000	48883	27884
79.424829000	48883	27884
79.450937000	48883	27884
79.477078000	48883	27884
79.503207000	48883	27884
79.529385000	48883	27884
79.555547000	48883	27884
79.581668000	48883	27884
79.607805000	48883	27884
79.633976000	48883	27884
79.660099000	48883	27884
79.686238000	48883	27884
79.712398000	48883	27884
79.738549000	48883	27884
79.764684000	48883	27884
79.790849000	48883	27884
79.816972000	48883	27884
79.843122000	48883	27884
79.869254000	48883	27884
79.895443000	48883	27884
79.921560000	48883	27884
79.947695000	48883	27884
79.973866000	48883	27884
80.000024000	48883	27884
80.026172000	48883	27884
80.052268000	48883	27884
80.078397000	48883	27884
80.104570000	48883	27884
80.130725000	48883	27884
80.156856000	48883	27884
80.182976000	48883	27884
80.209139000	48883	27884
80.235297000	48883	27884
80.261451000	48883	27884
80.287588000	48883	27884
80.313742000	48883	27884
80.339890000	48883	27884
80.366011000	48883	27884
80.392168000	48883	27884
80.418294000	48883	27884
80.444450000	48883	27884
80.470586000	48883	27884
80.496720000	48883	27884
80.522865000	48883	27884
80.549001000	48883	27884
80.575161000	48883	27884
80.601545000	48883	27884
80.627468000	48883	27884
80.653582000	48883	27884
80.679741000	48883	27884
80.705885000	48883	27884
80.732021000	48883	27884
80.758162000	48883	27884
80.784302000	48883	27884
80.810465000	48883	27884
80.836685000	48883	27884
80.862752000	48883	27884
80.888877000	48883	27884
80.915090000	48883	27884
80.941201000	48883	27884
80.967322000	48883	27884
80.993483000	48883	27884
81.019656000	48883	27884
81.045781000	48883	27884
81.071954000	48883	27884
81.098041000	48883	27884
81.124207000	48883	27884
81.150363000	48883	27884
81.176512000	48883	27884
81.202628000	48883	27884
81.228790000	48883	27884
81.254939000	48883	27884
81.281076000	48883	27884
81.307226000	48883	27884
81.333365000	48883	27884
81.359499000	48883	27884
81.385662000	48883	27884
81.411818000	48883	27884
81.437940000	48883	27884
81.464076000	48883	27884
81.490235000	48883	27884
81.516377000	48883	27884
81.542520000	48883	27884
81.568663000	48883	27884
81.594803000	48883	27884
81.620966000	48883	27884
81.647097000	48883	27884
81.673251000	48883	27884
81.699387000	48883	27884
81.725556000	48883	27884
81.751702000	48883	27884
81.777824000	48883	27884
81.803972000	48883	27884
81.830135000	48883	27884
81.856339000	48883	27884
81.882404000	48883	27884
81.908561000	48883	27884
81.934692000	48883	27884
81.960900000	48883	27884
81.986999000	48883	27884
82.013111000	48883	27884
82.039282000	48883	27884
82.065428000	48883	27884
82.091548000	48883	27884
82.117716000	48883	27884
82.143830000	48883	27884
82.169984000	48883	27884
82.196199000	48883	27884
82.222276000	48883	27884
82.248408000	48883	27884
82.274585000	48883	27884
82.300719000	48883	27884
82.326881000	48883	27884
82.352992000	48883	27884
82.379142000	48883	27884
82.405289000	48883	27884
82.431450000	48883	27884
82.457583000	48883	27884
82.483720000	48883	27884
82.509858000	48883	27884
82.536011000	48883	27884
82.562150000	48883	27884
82.588292000	48883	27884
82.614446000	48883	27884
82.640591000	48883	27884
82.666732000	48883	27884
82.692884000	48883	27884
82.719033000	48883	27884
82.745159000	48883	27884
82.771323000	48883	27884
82.797455000	48883	27884
82.823625000	48883	27884
82.849767000	48883	27884
82.875913000	48883	27884
82.903998000	48883	27884
82.928195000	48883	27884
82.954332000	48883	27884
82.980470000	48883	27884
83.006642000	48883	27884
83.032799000	48883	27884
83.058917000	48883	27884
83.085061000	48883	27884
83.111228000	48883	27884
83.137360000	48883	27884
83.163503000	48883	27884
83.189878000	48883	27884
83.215822000	48883	27884
83.241951000	48883	27884
83.268097000	48883	27884
83.294226000	48883	27884
83.320356000	48883	27884
83.346532000	48883	27884
83.372662000	48883	27884
83.398790000	48883	27884
83.424939000	48883	27884
83.451066000	48883	27884
83.477213000	48883	27884
83.503366000	48883	27884
83.529502000	48883	27884
83.555641000	48883	27884
83.581804000	48883	27884
83.607980000	48883	27884
83.634082000	48883	27884
83.660224000	48883	27884
83.686382000	48883	27884
83.712534000	48883	27884
83.738662000	48883	27884
83.764803000	48883	27884
83.790945000	48883	27884
83.817138000	48883	27884
83.843246000	48883	27884
83.869407000	48883	27884
83.895534000	48883	27884
83.921720000	48883	27884
83.947843000	48883	27884
83.973964000	48883	27884
84.000105000	48883	27884
84.026248000	48883	27884
84.052403000	48883	27884
84.078545000	48883	27884
84.104681000	48883	27884
84.130832000	48883	27884
84.156989000	48883	27884
84.183124000	48883	27884
84.209284000	48883	27884
84.235418000	48883	27884
84.261554000	48883	27884
84.287705000	48883	27884
84.313849000	48883	27884
84.339987000	48883	27884
84.366128000	48883	27884
84.392285000	48883	27884
84.418425000	48883	27884
84.444568000	48883	27884
84.470707000	48883	27884
84.496876000	48883	27884
84.523022000	48883	27884
84.549146000	48883	27884
84.575288000	48883	27884
84.601425000	48883	27884
84.627592000	48883	27884
84.653731000	48883	27884
84.679872000	48883	27884
84.706006000	48883	27884
84.732167000	48883	27884
84.758307000	48883	27884
84.784449000	48883	27884
84.810597000	48883	27884
84.836764000	48883	27884
84.862905000	48883	27884
84.889033000	48883	27884
84.915169000	48883	27884
84.941311000	48883	27884
84.967469000	48883	27884
84.993611000	48883	27884
85.019753000	48883	27884
85.045893000	48883	27884
85.072035000	48883	27884
85.098194000	48883	27884
85.124340000	48883	27884
85.150567000	48883	27884
85.176614000	48883	27884
85.202759000	48883	27884
85.228907000	48883	27884
85.255085000	48883	27884
85.281208000	48883	27884
85.307347000	48883	27884
85.333519000	48883	27884
85.359655000	48883	27884
85.385807000	48883	27884
85.411938000	48883	27884
85.438074000	48883	27884
85.464213000	48883	27884
85.490347000	48883	27884
85.516496000	48883	27884
85.542654000	48883	27884
85.568793000	48883	27884
85.594934000	48883	27884
85.621081000	48883	27884
85.647227000	48883	27884
85.673376000	48883	27884
85.699516000	48883	27884
85.725677000	48883	27884
85.751797000	48883	27884
85.777955000	48883	27884
85.804085000	48883	27884
85.830262000	48883	27884
85.856391000	48883	27884
85.882527000	48883	27884
85.908691000	48883	27884
85.934855000	48883	27884
85.960960000	48883	27884
85.987098000	48883	27884
86.013287000	48883	27884
86.039395000	48883	27884
86.065539000	48883	27884
86.091730000	48883	27884
86.117829000	48883	27884
86.143989000	48883	27884
86.170130000	48883	27884
86.196269000	48883	27884
86.222419000	48883	27884
86.248560000	48883	27884
86.274763000	48883	27884
86.300846000	48883	27884
86.326992000	48883	27884
86.353160000	48883	27884
86.379298000	48883	27884
86.405423000	48883	27884
86.431568000	48883	27884
86.457700000	48883	27884
86.483861000	48883	27884
86.510027000	48883	27884
86.536131000	48883	27884
86.562282000	48883	27884
86.588450000	48883	27884
86.614610000	48883	27884
86.640733000	48883	27884
86.666863000	48883	27884
86.693023000	48883	27884
86.719177000	48883	27884
86.745322000	48883	27884
86.771442000	48883	27884
86.797584000	48883	27884
86.823796000	48883	27884
86.849916000	48883	27884
86.876031000	48883	27884
86.902169000	48883	27884
86.928325000	48883	27884
86.954474000	48883	27884
86.980603000	48883	27884
87.006746000	48883	27884
87.032886000	48883	27884
87.059043000	48883	27884
87.085205000	48883	27884
87.111326000	48883	27884
87.137465000	48883	27884
87.163624000	48883	27884
87.189764000	48883	27884
87.215927000	48883	27884
87.242046000	48883	27884
87.268218000	48883	27884
87.294362000	48883	27884
87.320489000	48883	27884
87.346664000	48883	27884
87.372786000	48883	27884
87.398953000	48883	27884
87.425100000	48883	27884
87.451276000	48883	27884
87.477367000	48883	27884
87.503507000	48883	27884
87.529675000	48883	27884
87.555812000	48883	27884
87.581946000	48883	27884
87.608092000	48883	27884
87.634247000	48883	27884
87.660394000	48883	27884
87.686510000	48883	27884
87.712654000	48883	27884
87.738789000	48883	27884
87.764957000	48883	27884
87.791091000	48883	27884
87.817254000	48883	27884
87.843397000	48883	27884
87.869530000	48883	27884
87.895669000	48883	27884
87.921825000	48883	27884
87.947953000	48883	27884
87.974129000	48883	27884
88.000262000	48883	27884
88.026407000	48883	27884
88.052562000	48883	27884
88.078681000	48883	27884
88.104849000	48883	27884
88.130987000	48883	27884
88.157112000	48883	27884
88.183252000	48883	27884
88.209416000	48883	27884
88.235564000	48883	27884
88.261754000	48883	27884
88.287834000	48883	27884
88.313977000	48883	27884
88.340154000	48883	27884
88.366272000	48883	27884
88.392412000	48883	27884
88.418575000	48883	27884
88.444714000	48883	27884
88.470852000	48883	27884
88.496995000	48883	27884
88.523144000	48883	27884
88.549336000	48883	27884
88.575435000	48883	27884
88.601586000	48883	27884
88.627755000	48883	27884
88.653887000	48883	27884
88.680036000	48883	27884
88.706176000	48883	27884
88.732299000	48883	27884
88.758437000	48883	27884
88.784595000	48883	27884
88.810735000	48883	27884
88.836884000	48883	27884
88.863024000	48883	27884
88.889153000	48883	27884
88.915327000	48883	27884
88.941456000	48883	27884
88.967592000	48883	27884
88.993736000	48883	27884
89.019929000	48883	27884
89.046033000	48883	27884
89.072176000	48883	27884
89.098317000	48883	27884
89.124472000	48883	27884
89.150627000	48883	27884
89.176764000	48883	27884
89.202915000	48883	27884
89.229051000	48883	27884
89.255232000	48883	27884
89.281349000	48883	27884
89.307498000	48883	27884
89.333631000	48883	27884
89.359779000	48883	27884
89.385928000	48883	27884
89.412081000	48883	27884
89.438214000	48883	27884
89.464353000	48883	27884
89.490508000	48883	27884
89.516656000	48883	27884
89.542788000	48883	27884
89.568944000	48883	27884
89.595097000	48883	27884
89.621243000	48883	27884
89.647369000	48883	27884
89.673521000	48883	27884
89.699656000	48883	27884
89.725816000	48883	27884
89.751956000	48883	27884
89.778096000	48883	27884
89.804230000	48883	27884
89.830409000	48883	27884
89.856532000	48883	27884
89.882671000	48883	27884
89.908825000	48883	27884
89.934988000	48883	27884
89.961118000	48883	27884
89.987251000	48883	27884
90.013396000	48883	27884
90.039536000	48883	27884
90.065694000	48883	27884
90.091831000	48883	27884
90.117979000	48883	27884
90.144121000	48883	27884
90.170254000	48883	27884
90.196410000	48883	27884
90.222573000	48883	27884
90.248693000	48883	27884
90.274879000	48883	27884
90.300998000	48883	27884
90.327145000	48883	27884
90.353273000	48883	27884
90.379417000	48883	27884
90.405557000	48883	27884
90.431712000	48883	27884
90.457875000	48883	27884
90.483994000	48883	27884
90.510151000	48883	27884
90.536315000	48883	27884
90.562435000	48883	27884
90.588573000	48883	27884
90.614720000	48883	27884
90.640881000	48883	27884
90.667040000	48883	27884
90.693158000	48883	27884
90.719310000	48883	27884
90.745440000	48883	27884
90.771601000	48883	27884
90.797745000	48883	27884
90.823909000	48883	27884
90.850027000	48883	27884
90.876213000	48883	27884
90.902326000	48883	27884
90.928464000	48883	27884
90.954605000	48883	27884
90.980745000	48883	27884
91.006913000	48883	27884
91.033047000	48883	27884
91.059180000	48883	27884
91.085328000	48883	27884
91.111488000	48883	27884
91.137633000	48883	27884
91.163766000	48883	27884
91.189908000	48883	27884
91.216046000	48883	27884
91.242209000	48883	27884
91.268347000	48883	27884
91.294484000	48883	27884
91.320626000	48883	27884
91.346785000	48883	27884
91.372926000	48883	27884
91.399064000	48883	27884
91.425209000	48883	27884
91.451379000	48883	27884
91.477508000	48883	27884
91.503652000	48883	27884
91.529791000	48883	27884
91.555935000	48883	27884
91.582088000	48883	27884
91.608233000	48883	27884
91.634388000	48883	27884
91.660508000	48883	27884
91.686677000	48883	27884
91.712814000	48883	27884
91.738950000	48883	27884
91.765087000	48883	27884
91.791229000	48883	27884
91.817406000	48883	27884
91.843540000	48883	27884
91.869672000	48883	27884
91.895810000	48883	27884
91.921971000	48883	27884
91.948110000	48883	27884
91.974249000	48883	27884
92.000394000	48883	27884
92.026538000	48883	27884
92.052691000	48883	27884
92.078853000	48883	27884
92.104971000	48883	27884
92.131110000	48883	27884
92.157293000	48883	27884
92.183454000	48883	27884
92.209594000	48883	27884
92.235731000	48883	27884
92.261908000	48883	27884
92.288014000	48883	27884
92.314149000	48883	27884
92.340274000	48883	27884
92.366416000	48883	27884
92.392584000	48883	27884
92.418777000	48883	27884
92.444854000	48883	27884
92.470988000	48883	27884
92.497168000	48883	27884
92.523286000	48883	27884
92.549428000	48883	27884
92.575561000	48883	27884
92.601714000	48883	27884
92.627861000	48883	27884
92.654026000	48883	27884
92.680174000	48883	27884
92.706315000	48883	27884
92.732443000	48883	27884
92.758581000	48883	27884
92.784721000	48883	27884
92.810867000	48883	27884
92.837019000	48883	27884
92.863182000	48883	27884
92.889352000	48883	27884
92.915468000	48883	27884
92.941594000	48883	27884
92.967757000	48883	27884
92.993894000	48883	27884
93.020042000	48883	27884
93.046176000	48883	27884
93.072316000	48883	27884
93.098473000	48883	27884
93.124625000	48883	27884
93.150781000	48883	27884
93.176896000	48883	27884
93.203056000	48883	27884
93.229216000	48883	27884
93.255341000	48883	27884
93.281478000	48883	27884
93.307625000	48883	27884
93.333802000	48883	27884
93.359931000	48883	27884
93.386078000	48883	27884
93.412191000	48883	27884
93.438356000	48883	27884
93.464486000	48883	27884
93.490626000	48883	27884
93.516768000	48883	27884
93.542936000	48883	27884
93.569081000	48883	27884
93.595216000	48883	27884
93.621350000	48883	27884
93.647499000	48883	27884
93.673647000	48883	27884
93.699811000	48883	27884
93.725931000	48883	27884
93.752068000	48883	27884
93.778227000	48883	27884
93.804381000	48883	27884
93.830535000	48883	27884
93.856662000	48883	27884
93.882796000	48883	27884
93.908955000	48883	27884
93.935100000	48883	27884
93.961230000	48883	27884
93.987369000	48883	27884
94.013538000	48883	27884
94.039680000	48883	27884
94.065811000	48883	27884
94.091950000	48883	27884
94.118141000	48883	27884
94.144250000	48883	27884
94.170391000	48883	27884
94.196532000	48883	27884
94.222682000	48883	27884
94.248871000	48883	27884
94.275050000	48883	27884
94.301111000	48883	27884
94.327255000	48883	27884
94.353435000	48883	27884
94.379555000	48883	27884
94.405693000	48883	27884
94.431847000	48883	27884
94.457974000	48883	27884
94.484131000	48883	27884
94.510273000	48883	27884
94.536413000	48883	27884
94.562555000	48883	27884
94.588712000	48883	27884
94.614874000	48883	27884
94.641028000	48883	27884
94.667130000	48883	27884
94.693283000	48883	27884
94.719461000	48883	27884
94.745595000	48883	27884
94.771715000	48883	27884
94.797854000	48883	27884
94.824025000	48883	27884
94.850185000	48883	27884
94.876296000	48883	27884
94.902448000	48883	27884
94.928597000	48883	27884
94.954741000	48883	27884
94.980869000	48883	27884
95.007051000	48883	27884
95.033160000	48883	27884
95.059315000	48883	27884
95.085455000	48883	27884
95.111608000	48883	27884
95.137743000	48883	27884
95.163924000	48883	27884
95.190037000	48883	27884
95.216200000	48883	27884
95.242317000	48883	27884
95.268559000	48883	27884
95.294618000	48883	27884
95.320803000	48883	27884
95.346939000	48883	27884
95.373061000	48883	27884
95.399209000	48883	27884
95.425349000	48883	27884
95.451488000	48883	27884
95.477628000	48883	27884
95.503761000	48883	27884
95.529920000	48883	27884
95.556185000	48883	27884
95.582219000	48883	27884
95.608356000	48883	27884
95.634522000	48883	27884
95.660651000	48883	27884
95.686793000	48883	27884
95.712920000	48883	27884
95.739064000	48883	27884
95.765221000	48883	27884
95.791362000	48883	27884
95.817538000	48883	27884
95.843659000	48883	27884
95.869803000	48883	27884
95.895952000	48883	27884
95.922097000	48883	27884
95.948234000	48883	27884
95.974382000	48883	27884
96.000511000	48883	27884
96.026660000	48883	27884
96.052802000	48883	27884
96.078943000	48883	27884
96.105114000	48883	27884
96.131242000	48883	27884
96.157391000	48883	27884
96.183609000	48883	27884
96.209702000	48883	27884
96.235866000	48883	27884
96.261997000	48883	27884
96.288106000	48883	27884
96.314257000	48883	27884
96.340408000	48883	27884
96.366563000	48883	27884
96.392697000	48883	27884
96.418826000	48883	27884
96.444985000	48883	27884
96.471144000	48883	27884
96.497266000	48883	27884
96.523436000	48883	27884
96.549558000	48883	27884
96.575727000	48883	27884
96.601859000	48883	27884
96.628006000	48883	27884
96.654168000	48883	27884
96.680287000	48883	27884
96.706438000	48883	27884
96.732567000	48883	27884
96.758720000	48883	27884
96.784888000	48883	27884
96.811020000	48883	27884
96.837225000	48883	27884
96.863388000	48883	27884
96.889473000	48883	27884
96.915694000	48883	27884
96.941739000	48883	27884
96.967869000	48883	27884
96.994011000	48883	27884
97.020172000	48883	27884
97.046330000	48883	27884
97.072450000	48883	27884
97.098601000	48883	27884
97.124771000	48883	27884
97.150907000	48883	27884
97.177030000	48883	27884
97.203172000	48883	27884
97.229316000	48883	27884
97.255480000	48883	27884
97.281622000	48883	27884
97.307751000	48883	27884
97.333902000	48883	27884
97.360043000	48883	27884
97.386191000	48883	27884
97.412340000	48883	27884
97.438473000	48883	27884
97.464613000	48883	27884
97.490772000	48883	27884
97.516878000	48883	27884
97.543073000	48883	27884
97.569192000	48883	27884
97.595350000	48883	27884
97.621490000	48883	27884
97.647651000	48883	27884
97.673784000	48883	27884
97.699926000	48883	27884
97.726107000	48883	27884
97.752214000	48883	27884
97.778377000	48883	27884
97.804527000	48883	27884
97.830680000	48883	27884
97.856823000	48883	27884
97.882945000	48883	27884
97.909086000	48883	27884
97.935227000	48883	27884
97.961384000	48883	27884
97.987527000	48883	27884
98.013679000	48883	27884
98.039816000	48883	27884
98.065968000	48883	27884
98.092107000	48883	27884
98.118249000	48883	27884
98.144387000	48883	27884
98.170530000	48883	27884
98.196684000	48883	27884
98.222826000	48883	27884
98.248977000	48883	27884
98.275126000	48883	27884
98.301305000	48883	27884
98.327408000	48883	27884
98.353556000	48883	27884
98.379690000	48883	27884
98.405827000	48883	27884
98.431989000	48883	27884
98.458141000	48883	27884
98.484275000	48883	27884
98.510409000	48883	27884
98.536571000	48883	27884
98.562722000	48883	27884
98.588874000	48883	27884
98.614988000	48883	27884
98.641152000	48883	27884
98.667292000	48883	27884
98.693435000	48883	27884
98.719571000	48883	27884
98.745722000	48883	27884
98.771868000	48883	27884
98.798024000	48883	27884
98.824173000	48883	27884
98.850294000	48883	27884
98.876463000	48883	27884
98.902596000	48883	27884
98.928738000	48883	27884
98.954873000	48883	27884
98.981020000	48883	27884
