63.1689670
0.1700480
0.0235780
0.0000410
0.0002120
0.0000220
0.0002250
0.0000170
0.1686090
0.0000550
0.0001870
0.0000540
0.0001890
0.0000210
0.0001880
0.0000280
0.0002180
0.0001200
0.0001260
0.0000170
0.0001870
0.1677250
0.0002860
0.0000540
0.0001900
0.0000270
0.0001770
0.0001230
0.0001300
0.0000200
0.0002180
0.0000200
0.0001930
0.0000130
0.0002240
0.0001230
0.0001230
0.0000170
0.1674990
0.0000550
0.0001790
0.0000170
0.0002320
0.0000600
0.0114550
0.0000400
0.0002110
0.0000180
0.0002130
0.0000620
0.0001480
0.0000160
0.0002320
0.0000220
0.0002320
0.0000340
0.0001620
0.0000170
0.0001970
0.0001260
0.0001230
0.1552230
0.0005580
0.0000460
0.0001870
0.0000290
0.0002150
0.0000250
0.0001600
0.0000140
0.0109280
0.0000360
0.0005180
0.0000100
0.0001710
0.0000350
0.0002060
0.0001280
0.0000260
0.0000930
0.0002030
0.0001240
0.0001220
0.0001230
0.0001240
0.0000210
0.0106300
0.0000340
0.0002090
0.0001250
0.0000490
0.0000700
0.0002090
0.0001260
0.1435150
0.0000360
0.0005350
0.0115930
0.0000260
0.0002220
0.0000350
0.0002100
0.0000250
0.0000960
0.0002050
0.0001320
0.0000140
0.0002230
0.0000210
0.0002320
0.0000160
0.0003250
0.0001230
0.0001300
0.0000150
0.0001000
0.0001440
0.0001300
0.0001230
0.0001150
0.0001230
0.0000090
0.0002040
0.0001150
0.0001210
0.0001310
0.1536750
0.0000370
0.0109790
0.0001210
0.0001440
0.0000280
0.0001960
0.0000130
0.0002000
0.0001240
0.0001140
0.0001230
0.0001300
0.0001230
0.0001160
0.0001210
0.0010050
0.0001230
0.0001260
0.0000120
0.0001600
0.0000100
0.0002320
0.0000080
0.0002300
0.0000150
0.0001760
0.0001170
0.0001350
0.0001170
0.0001250
0.0001140
0.0001300
0.0001230
0.0001150
0.0001230
0.0001400
0.0000120
0.0001350
0.0001230
0.0001300
0.0001220
0.0001190
0.0000110
0.0094070
0.0001240
0.0000190
0.0002270
0.0000330
0.0000880
0.1426590
0.0000420
0.0001880
0.0124200
0.0000430
0.0000560
0.0002050
0.0001260
0.0001110
0.0001230
0.0001300
0.0000100
0.0001880
0.0001420
0.0000230
0.0002020
0.0001230
0.0000140
0.0001990
0.0001210
0.0001170
0.0001210
0.0001320
0.0005670
0.0000280
0.0002170
0.0001330
0.0000110
0.0002320
0.0000100
0.0001880
0.0000220
0.0002320
0.0000100
0.0002160
0.0000110
0.0096260
0.0001230
0.0001230
0.0001250
0.0000250
0.0000950
0.0002050
0.0001200
0.0001330
0.0001220
0.0001160
0.0000120
0.0002040
0.0000130
0.0002220
0.0001310
0.0000140
0.0000790
0.0002060
0.0001310
0.1405650
0.0000340
0.0002100
0.0126030
0.0000370
0.0015770
0.0000520
0.0001900
0.0001220
0.0000120
0.0001320
0.0001230
0.0001300
0.0001140
0.0001310
0.0000110
0.0001910
0.0001270
0.0000160
0.0002210
0.0001220
0.0000090
0.0087370
0.0001280
0.0000320
0.0002160
0.0000190
0.0000940
0.0002140
0.0001230
0.0000140
0.0002250
0.0001230
0.0000090
0.0001940
0.0001210
0.0001330
0.0000100
0.0002280
0.0000150
0.0001760
0.0001160
0.0001230
0.0001300
0.0011610
0.0000150
0.0001990
0.0000110
0.0002250
0.0001310
0.0000130
0.0001010
0.0002060
0.0001310
0.0000130
0.0002240
0.0000210
0.0001190
0.0001670
0.0001210
0.0001330
0.0001230
0.0001150
0.1385500
0.0000410
0.0001970
0.0125760
0.0000330
0.0032860
0.0000360
0.0001270
0.0001230
0.0000270
0.0002180
0.0001300
0.0000090
0.0001870
0.0001250
0.0001310
0.0000130
0.0002290
0.0000160
0.0001700
0.0001170
0.0001220
0.0001300
0.0001230
0.0000080
0.0069060
0.0001270
0.0001200
0.0001240
0.0001220
0.0016380
0.0001230
0.0001220
0.0001250
0.0001300
0.0001210
0.0000130
0.0001830
0.0001320
0.0001230
0.0001160
0.0001230
0.0000170
0.0178620
0.0001230
0.0001400
0.0000180
0.0002100
0.0000130
0.0002040
0.0000190
0.0002200
0.0001170
0.0001310
0.0000150
0.0001820
0.0001230
0.0001300
0.0001220
0.0001160
0.0000200
0.0001920
0.0000130
0.0002260
0.0001220
0.0001310
0.0000150
0.0001820
0.0203970
0.0000240
0.0995470
0.0000420
0.0002050
0.0124800
0.0052610
0.0000300
0.0002170
0.0001290
0.0000250
0.0001050
0.0001300
0.0001220
0.0001370
0.0000230
0.0000990
0.0100860
0.0000320
0.0002130
0.0001150
0.0000380
0.0000840
0.0002050
0.0001230
0.0001220
0.0001310
0.0000220
0.0000930
0.0002050
0.0001310
0.0000150
0.0002230
0.0001300
0.0000080
0.0001690
0.0001230
0.0001340
0.0001130
0.0001220
0.0000110
0.0002000
0.0001220
0.0001170
0.0001230
0.0001310
0.0000120
0.0001900
0.0145360
0.0001210
0.0001260
0.0001210
0.0001220
0.0001330
0.0012600
0.0001240
0.0001210
0.0001310
0.0000140
0.0103420
0.0001220
0.0001230
0.0001230
0.0001230
0.0000140
0.0001980
0.0001230
0.0000140
0.0002240
0.0001320
0.0000100
0.0001880
0.0000150
0.0002290
0.0001330
0.0000170
0.0000940
0.0001930
0.0077510
0.0000170
0.0002120
0.0000230
0.0994260
0.0000310
0.0297660
0.0000170
0.0002290
0.0001310
0.0000440
0.0000100
0.0002040
0.0001300
0.0001220
0.0001160
0.0000250
0.0001880
0.0000110
0.0002270
0.0001300
0.0000160
0.0000810
0.0094610
0.0000180
0.0002270
0.0001230
0.0001300
0.0000120
0.0001630
0.0001450
0.0001310
0.0000080
0.0002510
0.0000080
0.0001610
0.0001260
0.0001130
0.0001300
0.0001240
0.0000080
0.0001890
0.0001310
0.0000180
0.0002190
0.0001230
0.0000100
0.0002020
0.0001160
0.0001220
0.0001310
0.0000150
0.0028650
0.0000240
0.0002290
0.0000160
0.0002280
0.0000210
0.0002340
0.0136770
0.0000250
0.0002190
0.0000120
0.0000990
0.0102630
0.0001240
0.0000430
0.0002160
0.0000170
0.0000910
0.0002040
0.0001230
0.0001310
0.0000110
0.0002250
0.0000150
0.0001770
0.0001180
0.0001230
0.0001290
0.0001230
0.0000090
0.0001940
0.0001280
0.0001200
0.0001220
0.0001160
0.0000070
0.0002050
0.0001210
0.0343400
0.0001230
0.0598010
0.0001260
0.0001180
0.0296750
0.0001230
0.0118370
0.0001240
0.0000120
0.0001530
0.0001220
0.0001290
0.0000100
0.0002280
0.0000100
0.0106810
0.0001230
0.0000240
0.0002280
0.0000140
0.0001010
0.0001850
0.0001310
0.0001350
0.0001230
0.0000150
0.0001160
0.0001770
0.0001220
0.0001310
0.0001240
0.0001140
0.0000120
0.0002010
0.0001220
0.0001170
0.0001210
0.0001310
0.0000100
0.0001870
0.0001230
0.0001230
0.0001220
0.0001270
0.0000150
0.0001950
0.0000140
0.0002200
0.0001350
0.0000140
0.0000790
0.0002050
0.0001300
0.0001230
0.0001150
0.0001230
0.0000070
0.0002050
0.0001160
0.0030540
0.0001210
0.0000260
0.0000960
0.0031340
0.0001230
0.0000150
0.0002390
0.0073650
0.0001230
0.0001210
0.0001310
0.0964820
0.0000380
0.0001970
0.0000060
0.0001600
0.0000450
0.0001990
0.0001230
0.0001310
0.0000140
0.0001650
0.0001400
0.0000240
0.0002020
0.0001500
0.0000090
0.0001690
0.0001220
0.0001310
0.0001240
0.0001150
0.0000200
0.0001910
0.0001230
0.0001200
0.0001430
0.0000160
0.0001640
0.0000300
0.0266610
0.0000510
0.0001960
0.0117320
0.0000330
0.0002200
0.0000080
0.0002340
0.0133760
0.0000500
0.0000080
0.0001990
0.0000350
0.0002110
0.0001210
0.0001220
0.0000140
0.0001940
0.0001200
0.0001230
0.0001230
0.0000200
0.0001100
0.0001980
0.0000250
0.0002200
0.0001230
0.0000240
0.0000980
0.0001930
0.0001150
0.0001280
0.0001250
0.0001230
0.0000080
0.0001890
0.0001290
0.0001160
0.0001300
0.0000250
0.0002210
0.0001240
0.0001160
0.0001230
0.0001300
0.0001220
0.0000090
0.0070170
0.0000120
0.0002270
0.0000250
0.0002200
0.0000190
0.0001950
0.0000100
0.0002270
0.0001220
0.0000220
0.0001010
0.0001840
0.0001230
0.0001210
0.0001250
0.0001230
0.0000070
0.0001960
0.0001270
0.0001200
0.0001230
0.0001310
0.0000120
0.0001850
0.0029080
0.0000220
0.0002110
0.0001230
0.0991960
0.0000320
0.0002170
0.0001180
0.0001240
0.0000330
0.0000900
0.0002130
0.0001140
0.0001270
0.0001250
0.0001230
0.0000080
0.0099000
0.0001200
0.0000230
0.0002220
0.0000240
0.0000990
0.0002050
0.0001300
0.0000140
0.0002240
0.0001230
0.0000100
0.0001840
0.0001140
0.0001220
0.0001520
0.0000160
0.0000780
0.0136810
0.0001200
0.0001300
0.0001260
0.0001220
0.0001160
0.0113670
0.0001230
0.0001340
0.0164130
0.0000300
0.0000920
0.0001680
0.0000380
0.0002040
0.0000200
0.0002310
0.0000220
0.0001580
0.0001220
0.0001230
0.0001240
0.0001280
0.0000110
0.0097100
0.0001230
0.0001230
0.0001230
0.0001230
0.0000140
0.0001990
0.0000130
0.0002240
0.0001310
0.0000140
0.0001010
0.0002050
0.0000150
0.0002310
0.0000140
0.0002380
0.0000130
0.0001710
0.0001240
0.0001230
0.0001160
0.0001220
0.0000100
0.0002030
0.0001150
0.0001290
0.0001240
0.0001160
0.0000120
0.0001980
0.0001180
0.0000290
0.0002230
0.0001240
0.0001150
0.0001220
0.0001310
0.0000150
0.0002230
0.0001320
0.0000090
0.0060050
0.0001290
0.0000380
0.0002080
0.0001150
0.0000130
0.0002000
0.0001220
0.0001160
0.0001220
0.0001300
0.0000270
0.0001920
0.0000170
0.0002280
0.0306910
0.0000490
0.0594840
0.0000330
0.0002110
0.0000120
0.0002320
0.0000260
0.0002180
0.0265770
0.0000380
0.0002060
0.0000310
0.0000930
0.0002420
0.0000120
0.0002230
0.0000230
0.0002230
0.0000140
0.0001830
0.0001230
0.0001230
0.0001230
0.0001230
0.0000150
0.0001970
0.0000110
0.0002270
0.0001310
0.0000130
0.0000820
0.0084250
0.0000140
0.0002230
0.0001280
0.0001270
0.0000280
0.0001680
0.0001230
0.0001310
0.0000110
0.0002310
0.0001270
0.0000130
0.0002240
0.0155970
0.0002130
0.0001230
0.0001230
0.0001230
0.0001230
0.0128810
0.0001220
0.0000200
0.0002090
0.0000450
0.0002050
0.0000190
0.0002200
0.0000160
0.0001970
0.0000150
0.0002020
0.0001230
0.0001500
0.0000150
0.0001620
0.0001300
0.0001240
0.0001150
0.0001230
0.0000070
0.0141460
0.0000320
0.0002120
0.0001230
0.0001230
0.0000170
0.0001920
0.0001250
0.0001170
0.0001300
0.0000210
0.0000940
0.0002050
0.0001310
0.0000170
0.0002210
0.0001230
0.0000090
0.0001960
0.0001230
0.0001230
0.0001290
0.0000170
0.0001010
0.0002030
0.0001320
0.0000140
0.0002230
0.0000200
0.0001030
0.0001840
0.0001220
0.0001310
0.0001220
0.0001170
0.0000150
0.0001900
0.0001360
0.0000140
0.0002250
0.0001230
0.0000070
0.0062330
0.0000270
0.0002180
0.0000150
0.0002310
0.0000160
0.0001740
0.0126980
0.0001230
0.0000260
0.0447790
0.0000390
0.0146100
0.0000210
0.0002160
0.0001230
0.0000200
0.0385210
0.0002120
0.0000340
0.0002050
0.0001230
0.0001210
0.0000160
0.0001910
0.0001360
0.0000140
0.0002190
0.0001300
0.0000090
0.0001860
0.0001210
0.0001340
0.0000110
0.0002270
0.0000150
0.0001760
0.0001160
0.0001230
0.0001300
0.0001160
0.0000120
0.0085100
0.0001210
0.0000250
0.0002210
0.0000240
0.0000980
0.0002120
0.0000120
0.0002340
0.0000090
0.0002290
0.0000150
0.0001700
0.0001220
0.0001230
0.0001300
0.0001230
0.0034330
0.0001230
0.0001240
0.0001220
0.0001310
0.0001220
0.0001160
0.0001280
0.0001250
0.0126970
0.0178110
0.0000310
0.0002020
0.0000480
0.0001900
0.0001220
0.0001310
0.0000170
0.0001800
0.0001230
0.0001310
0.0000150
0.0002230
0.0000190
0.0095880
0.0001280
0.0000430
0.0001950
0.0001470
0.0000090
0.0001790
0.0001220
0.0001160
0.0001240
0.0001300
0.0000110
0.0001860
0.0001230
0.0001240
0.0001210
0.0001230
0.0000140
0.0001990
0.0001230
0.0000140
0.0002240
0.0001230
0.0000130
0.0001920
0.0001230
0.0000240
0.0002070
0.0001170
0.0000210
0.0001830
0.0001310
0.0001150
0.0001230
0.0001300
0.0001240
0.0001200
0.0001240
0.0001240
0.0001220
0.0000780
0.0058120
0.0000200
0.0002270
0.0000220
0.0002310
0.0000130
0.0001840
0.0001430
0.0000160
0.0002160
0.0001170
0.0000200
0.0001850
0.0001230
0.0001220
0.0001290
0.0001230
0.0001170
0.0001230
0.0001230
0.0001270
0.0436860
0.0001230
0.0000450
0.0143930
0.0000540
0.0511040
0.0000220
0.0001010
0.0002160
0.0001240
0.0000300
0.0002160
0.0001230
0.0000080
0.0001980
0.0000250
0.0002200
0.0001230
0.0000220
0.0001000
0.0001850
0.0001220
0.0001220
0.0001210
0.0001270
0.0000180
0.0087330
0.0001130
0.0001380
0.0000360
0.0002010
0.0000120
0.0001870
0.0000230
0.0002260
0.0001220
0.0001260
0.0000140
0.0001880
0.0000140
0.0002300
0.0001240
0.0000190
0.0001030
0.0001850
0.0001230
0.0001230
0.0001240
0.0001210
0.0000120
0.0001980
0.0000230
0.0002160
0.0001310
0.0001170
0.0000100
0.0001940
0.0001350
0.0000210
0.0002130
0.0001230
0.0210600
0.0000200
0.0002220
0.0000820
0.0001610
0.0001230
0.0001240
0.0001230
0.0001200
0.0001270
0.0001200
0.0131980
0.0000830
0.0001550
0.0001210
0.0001320
0.0000310
0.0000900
0.0001980
0.0000240
0.0002060
0.0001400
0.0000370
0.0000930
0.0001770
0.0001220
0.0001230
0.0001220
0.0001240
0.0000150
0.0001910
0.0001210
0.0001240
0.0001220
0.0001240
0.0000120
0.0001930
0.0001220
0.0001230
0.0001210
0.0001270
0.0000210
0.0001810
0.0001220
0.0001270
0.0000160
0.0002270
0.0000110
0.0065460
0.0000400
0.0002100
0.0001150
0.0001060
0.0000150
0.0002070
0.0001220
0.0001240
0.0001220
0.0001220
0.0000110
0.0001940
0.0000240
0.0002220
0.0001220
0.0001240
0.0000140
0.0001910
0.0000190
0.0002260
0.0001240
0.0000210
0.0001000
0.0001870
0.0001220
0.0001230
0.0001220
0.0001220
0.0000110
0.0002000
0.0001170
0.0001270
0.0001200
0.0000270
0.0343000
0.0000850
0.0042810
0.0000580
0.0001820
0.0142270
0.0000480
0.0001810
0.0409890
0.0000200
0.0101690
0.0131090
0.0000440
0.0002000
0.0000280
0.0000940
7.0850690
0.0000500
0.0001960
0.0001220
0.0001410
0.0000650
0.0001430
0.0001390
0.0000170
0.0002150
0.1680540
0.0000550
0.0001970
0.0000290
0.0002160
0.0000560
0.0001830
0.0001210
0.0001280
0.0001380
0.0000210
0.0002110
0.0001370
0.0001310
0.0000160
0.0002010
0.0001230
0.0001420
0.0000200
0.0002270
0.1668680
0.0000370
0.0002140
0.0001160
0.0001230
0.0001290
0.0000270
0.0002200
0.0001150
0.0001230
0.0001230
0.0001240
0.0001220
0.0001220
0.0001240
0.0001230
0.0001230
0.0001270
0.0001220
0.0001210
0.0001210
0.0001230
0.0001230
0.0001230
0.0001250
0.0001200
0.0001230
0.0001230
0.0001240
0.0001210
0.0001260
0.0001210
0.0001230
0.1652960
0.0000130
0.0001280
0.0002210
0.0000220
0.0002250
0.0000350
0.0002100
0.0000210
0.0002250
0.0000260
0.0002170
0.0001250
0.0001230
0.0001240
0.0001220
0.0001230
0.0001220
0.0001240
0.0001220
0.0001280
0.0001180
0.0001260
0.0001210
0.0001260
0.0001180
0.0001250
0.0001220
0.0001340
0.0000170
0.0002170
0.0001240
0.0001210
0.0001270
0.0000290
0.0002210
0.0000270
0.0002120
0.0000250
0.0002200
0.0001280
0.0001190
0.0001220
0.0001230
0.0001280
0.0001180
0.0001210
0.0001240
0.0378600
0.0000350
0.1255280
0.0000450
0.0001870
0.0000520
0.0001920
0.0001410
0.0000200
0.0002060
0.0001200
0.0001470
0.0000240
0.0002010
0.0001430
0.0001270
0.0000210
0.0002000
0.0001440
0.0000290
0.0002160
0.0001270
0.0000220
0.0002200
0.0000160
0.0002090
0.0001460
0.0001210
0.0001220
0.0000200
0.0002370
0.0000110
0.0002230
0.0001230
0.0001230
0.0000240
0.0002290
0.0000100
0.0002290
0.0001220
0.0001240
0.0000210
0.0002310
0.0000110
0.0002350
0.0000090
0.0002290
0.0001230
0.0001270
0.0001270
0.0000320
0.0002130
0.0000150
0.0002230
0.0000250
0.0002210
0.0001280
0.0000210
0.0002270
0.0001160
0.0000290
0.0002180
0.0001210
0.0001240
0.0000280
0.0002250
0.0000170
0.0002210
0.0000280
0.0002170
0.0001230
0.0001240
0.0000320
0.0002210
0.0348310
0.0000450
0.0001960
0.1253310
0.0000470
0.0001910
0.0000280
0.0002140
0.0001190
0.0001220
0.0001230
0.0001230
0.0001290
0.0000240
0.0002160
0.0001230
0.0001230
0.0001230
0.0001230
0.0001310
0.0001150
0.0001230
0.0001210
0.0001240
0.0001210
0.0001320
0.0001150
0.0001320
0.0001140
0.0001230
0.0001220
0.0001240
0.0001230
0.0001230
0.0001220
0.0001220
0.0001260
0.0001250
0.0001180
0.0001280
0.0001430
0.0000190
0.0002230
0.0000180
0.0002080
0.0000340
0.0002120
0.0001200
0.0001460
0.0000250
0.0002210
0.0000270
0.0002180
0.0000250
0.0002210
0.0000190
0.0002270
0.0000270
0.0002220
0.0000210
0.0002000
0.0001430
0.0000200
0.0002380
0.0000110
0.0002230
0.0001220
0.0001320
0.0000140
0.0002220
0.0001320
0.0000160
0.0002260
0.0000270
0.0002210
0.0000210
0.0002250
0.0000090
0.0002290
0.0001300
0.0001280
0.0000110
7.4812410
0.0000540
0.0001990
0.0000350
0.0002060
0.0000190
0.0002050
0.0000270
0.0002170
0.0001230
0.1680510
0.0000530
0.0001860
0.0000640
0.0001720
0.0001220
0.0001240
0.0001230
0.0001270
0.0001240
0.0001180
0.0001210
0.0001240
0.0001270
0.0001170
0.0001280
0.0001240
0.0001180
0.0001230
0.0001240
0.1668560
0.0000430
0.0002210
0.0000340
0.0002050
0.0000150
0.0002350
0.0000130
0.0002340
0.0000120
0.0002260
0.0001310
0.0000140
0.0002250
0.0000170
0.0002360
0.0000140
0.0002230
0.0000210
0.0002260
0.0001280
0.0001170
0.0001220
0.0001310
0.0000120
0.0002260
0.0001220
0.0001220
0.0001250
0.0001230
0.0001310
0.0001220
0.0001160
0.1651870
0.0000320
0.0002180
0.0000410
0.0002080
0.0001150
0.0001230
0.0001230
0.0001230
0.0001230
0.0001430
0.0000170
0.0002070
0.0001210
0.0001330
0.0001160
0.0001230
0.0001220
0.0001310
0.0001160
0.0001420
0.0000160
0.0002100
0.0001440
0.0000210
0.0002280
0.0000170
0.0002250
0.0000140
0.0002120
0.0001420
0.0001250
0.0000140
0.0002100
0.0001220
0.0001430
0.0001230
0.0001240
0.0000180
0.0002270
0.0000210
0.0002250
0.0000170
0.0002280
0.0001230
0.0001240
0.0001230
0.0001220
0.0372810
0.0000370
0.1260480
0.0000340
0.0002100
0.0001240
0.0001240
0.0000390
0.0002120
0.0001150
0.0001240
0.0001250
0.0001200
0.0001230
0.0001230
0.0001230
0.0001230
0.0001220
0.0001230
0.0001230
0.0001250
0.0001210
0.0001230
0.0001230
0.0001230
0.0001230
0.0001230
0.0001230
0.0001230
0.0001220
0.0001240
0.0001520
0.0000150
0.0002010
0.0001230
0.0001410
0.0000220
0.0002060
0.0001430
0.0001230
0.0000220
0.0002100
0.0001290
0.0001310
0.0000160
0.0002370
0.0000140
0.0002030
0.0001500
0.0000090
0.0002310
0.0001220
0.0001230
0.0001230
0.0001300
0.0000070
0.0002310
0.0001240
0.0001220
0.0001240
0.0001220
0.0001230
0.0001300
0.0001230
0.0000120
0.0002270
0.0001290
0.0001240
0.0000130
0.0002260
0.0001190
0.0001330
0.0001160
0.0001230
0.0342820
0.0001440
0.0000220
0.1260180
0.0000400
0.0001950
0.0001320
0.0000330
0.0002040
0.0001210
0.0001230
0.0001250
0.0000210
0.0002240
0.0001230
0.0000220
0.0002240
0.0001230
0.0001230
0.0000220
0.0002230
0.0001220
0.0001300
0.0000220
0.0002260
0.0000130
0.0002250
0.0001230
0.0001230
0.0000210
0.0002240
0.0001240
0.0001220
0.0000220
0.0002250
0.0001220
0.0001230
0.0001220
0.0001240
0.0001220
0.0001230
0.0001230
0.0001240
0.0001220
0.0001270
0.0001200
0.0001220
0.0001230
0.0001220
0.0001240
0.0001230
0.0001220
0.0001240
0.0001220
0.0001230
0.0001230
0.0001200
0.0001270
0.0001220
0.0001220
0.0001230
0.0001230
0.0001230
0.0001220
0.0001280
0.0001180
0.0001300
0.0000210
0.0020400
0.0001240
0.0000220
0.0002230
0.0001220
0.0000140
0.0001730
0.0001540
0.0000140
0.0002160
0.0000230
0.0001030
0.0001940
0.0001130
0.0001240
0.0001220
0.0001230
0.0000110
0.0002010
0.0001150
0.0001230
0.0001230
0.0001230
0.0000170
0.0001880
0.0001260
0.0000200
0.0002230
0.0001230
0.0000090
0.0299530
0.0001450
0.0000410
0.0424740
0.0000280
0.0834980
0.0000320
0.0002070
0.0000360
0.0001870
0.0001400
0.0001310
0.0000140
0.0002250
0.0000200
0.0002240
0.0001230
0.0000290
0.0002040
0.0001360
0.0001230
0.0001230
0.0001230
0.0000240
0.0002250
0.0000200
0.0002220
0.0000270
0.0002260
0.0000150
0.0002230
0.0001230
0.0001240
0.0000210
0.0002240
0.0001290
0.0001180
0.0000240
0.0002200
0.0001240
0.0001220
0.0001230
0.0001230
0.0001230
0.0001280
0.0000230
0.0002250
0.0000150
0.0002250
0.0001200
0.0001230
0.0001230
0.0001230
0.0001280
0.0001180
0.0001230
0.0001230
0.0001310
0.0001220
0.0001150
0.0001250
0.0001280
0.0001230
0.0001170
0.0001220
0.0001300
0.0001220
0.0000100
0.0001270
0.0001300
0.0001240
0.0001150
0.0001220
0.0000080
0.0002060
0.0001210
0.0001160
0.0001230
0.0001220
0.0000120
0.0001930
0.0000230
0.0002230
0.0001290
0.0000120
0.0002280
0.0001230
0.0001230
0.0001230
0.0000250
0.0002200
0.0001230
0.0000100
